Datum,Gemeentecode,Gemeentenaam,Provincienaam,Provinciecode,Type,Aantal,AantalCumulatief
2021-03-03,-1,,,-1,Totaal,19,3877
2021-03-03,-1,,,-1,Ziekenhuisopname,0,111
2021-03-03,-1,,,-1,Overleden,0,33
2021-03-03,3,Appingedam,Groningen,20,Totaal,,
2021-03-03,3,Appingedam,Groningen,20,Ziekenhuisopname,,
2021-03-03,3,Appingedam,Groningen,20,Overleden,,
2021-03-03,10,Delfzijl,Groningen,20,Totaal,,
2021-03-03,10,Delfzijl,Groningen,20,Ziekenhuisopname,,
2021-03-03,10,Delfzijl,Groningen,20,Overleden,,
2021-03-03,14,Groningen,Groningen,20,Totaal,59,9106
2021-03-03,14,Groningen,Groningen,20,Ziekenhuisopname,0,65
2021-03-03,14,Groningen,Groningen,20,Overleden,0,29
2021-03-03,24,Loppersum,Groningen,20,Totaal,,
2021-03-03,24,Loppersum,Groningen,20,Ziekenhuisopname,,
2021-03-03,24,Loppersum,Groningen,20,Overleden,,
2021-03-03,34,Almere,Flevoland,24,Totaal,48,14455
2021-03-03,34,Almere,Flevoland,24,Ziekenhuisopname,1,267
2021-03-03,34,Almere,Flevoland,24,Overleden,0,85
2021-03-03,37,Stadskanaal,Groningen,20,Totaal,15,1765
2021-03-03,37,Stadskanaal,Groningen,20,Ziekenhuisopname,0,15
2021-03-03,37,Stadskanaal,Groningen,20,Overleden,0,14
2021-03-03,47,Veendam,Groningen,20,Totaal,9,1266
2021-03-03,47,Veendam,Groningen,20,Ziekenhuisopname,0,7
2021-03-03,47,Veendam,Groningen,20,Overleden,0,10
2021-03-03,50,Zeewolde,Flevoland,24,Totaal,7,1190
2021-03-03,50,Zeewolde,Flevoland,24,Ziekenhuisopname,0,20
2021-03-03,50,Zeewolde,Flevoland,24,Overleden,0,13
2021-03-03,59,Achtkarspelen,Friesland,21,Totaal,11,1574
2021-03-03,59,Achtkarspelen,Friesland,21,Ziekenhuisopname,0,15
2021-03-03,59,Achtkarspelen,Friesland,21,Overleden,0,31
2021-03-03,60,Ameland,Friesland,21,Totaal,0,144
2021-03-03,60,Ameland,Friesland,21,Ziekenhuisopname,0,0
2021-03-03,60,Ameland,Friesland,21,Overleden,0,0
2021-03-03,72,Harlingen,Friesland,21,Totaal,4,417
2021-03-03,72,Harlingen,Friesland,21,Ziekenhuisopname,0,6
2021-03-03,72,Harlingen,Friesland,21,Overleden,0,3
2021-03-03,74,Heerenveen,Friesland,21,Totaal,6,1686
2021-03-03,74,Heerenveen,Friesland,21,Ziekenhuisopname,0,25
2021-03-03,74,Heerenveen,Friesland,21,Overleden,0,33
2021-03-03,80,Leeuwarden,Friesland,21,Totaal,28,4778
2021-03-03,80,Leeuwarden,Friesland,21,Ziekenhuisopname,0,80
2021-03-03,80,Leeuwarden,Friesland,21,Overleden,1,61
2021-03-03,85,Ooststellingwerf,Friesland,21,Totaal,5,818
2021-03-03,85,Ooststellingwerf,Friesland,21,Ziekenhuisopname,0,13
2021-03-03,85,Ooststellingwerf,Friesland,21,Overleden,0,6
2021-03-03,86,Opsterland,Friesland,21,Totaal,5,1028
2021-03-03,86,Opsterland,Friesland,21,Ziekenhuisopname,0,22
2021-03-03,86,Opsterland,Friesland,21,Overleden,0,5
2021-03-03,88,Schiermonnikoog,Friesland,21,Totaal,1,36
2021-03-03,88,Schiermonnikoog,Friesland,21,Ziekenhuisopname,0,1
2021-03-03,88,Schiermonnikoog,Friesland,21,Overleden,0,1
2021-03-03,90,Smallingerland,Friesland,21,Totaal,11,2051
2021-03-03,90,Smallingerland,Friesland,21,Ziekenhuisopname,0,26
2021-03-03,90,Smallingerland,Friesland,21,Overleden,0,27
2021-03-03,93,Terschelling,Friesland,21,Totaal,3,180
2021-03-03,93,Terschelling,Friesland,21,Ziekenhuisopname,0,1
2021-03-03,93,Terschelling,Friesland,21,Overleden,0,1
2021-03-03,96,Vlieland,Friesland,21,Totaal,0,41
2021-03-03,96,Vlieland,Friesland,21,Ziekenhuisopname,0,0
2021-03-03,96,Vlieland,Friesland,21,Overleden,0,0
2021-03-03,98,Weststellingwerf,Friesland,21,Totaal,2,1044
2021-03-03,98,Weststellingwerf,Friesland,21,Ziekenhuisopname,0,10
2021-03-03,98,Weststellingwerf,Friesland,21,Overleden,1,26
2021-03-03,106,Assen,Drenthe,22,Totaal,9,2304
2021-03-03,106,Assen,Drenthe,22,Ziekenhuisopname,0,41
2021-03-03,106,Assen,Drenthe,22,Overleden,1,13
2021-03-03,109,Coevorden,Drenthe,22,Totaal,20,2021
2021-03-03,109,Coevorden,Drenthe,22,Ziekenhuisopname,0,44
2021-03-03,109,Coevorden,Drenthe,22,Overleden,0,26
2021-03-03,114,Emmen,Drenthe,22,Totaal,44,5782
2021-03-03,114,Emmen,Drenthe,22,Ziekenhuisopname,1,100
2021-03-03,114,Emmen,Drenthe,22,Overleden,1,60
2021-03-03,118,Hoogeveen,Drenthe,22,Totaal,10,3328
2021-03-03,118,Hoogeveen,Drenthe,22,Ziekenhuisopname,0,60
2021-03-03,118,Hoogeveen,Drenthe,22,Overleden,0,40
2021-03-03,119,Meppel,Drenthe,22,Totaal,6,1467
2021-03-03,119,Meppel,Drenthe,22,Ziekenhuisopname,0,20
2021-03-03,119,Meppel,Drenthe,22,Overleden,0,24
2021-03-03,141,Almelo,Overijssel,23,Totaal,15,5654
2021-03-03,141,Almelo,Overijssel,23,Ziekenhuisopname,1,86
2021-03-03,141,Almelo,Overijssel,23,Overleden,0,52
2021-03-03,147,Borne,Overijssel,23,Totaal,2,1781
2021-03-03,147,Borne,Overijssel,23,Ziekenhuisopname,0,28
2021-03-03,147,Borne,Overijssel,23,Overleden,0,36
2021-03-03,148,Dalfsen,Overijssel,23,Totaal,9,1546
2021-03-03,148,Dalfsen,Overijssel,23,Ziekenhuisopname,0,22
2021-03-03,148,Dalfsen,Overijssel,23,Overleden,0,18
2021-03-03,150,Deventer,Overijssel,23,Totaal,21,5415
2021-03-03,150,Deventer,Overijssel,23,Ziekenhuisopname,0,78
2021-03-03,150,Deventer,Overijssel,23,Overleden,0,80
2021-03-03,153,Enschede,Overijssel,23,Totaal,13,10021
2021-03-03,153,Enschede,Overijssel,23,Ziekenhuisopname,0,191
2021-03-03,153,Enschede,Overijssel,23,Overleden,0,163
2021-03-03,158,Haaksbergen,Overijssel,23,Totaal,5,2135
2021-03-03,158,Haaksbergen,Overijssel,23,Ziekenhuisopname,0,32
2021-03-03,158,Haaksbergen,Overijssel,23,Overleden,0,32
2021-03-03,160,Hardenberg,Overijssel,23,Totaal,18,4075
2021-03-03,160,Hardenberg,Overijssel,23,Ziekenhuisopname,0,46
2021-03-03,160,Hardenberg,Overijssel,23,Overleden,0,37
2021-03-03,163,Hellendoorn,Overijssel,23,Totaal,7,3110
2021-03-03,163,Hellendoorn,Overijssel,23,Ziekenhuisopname,0,35
2021-03-03,163,Hellendoorn,Overijssel,23,Overleden,0,49
2021-03-03,164,Hengelo,Overijssel,23,Totaal,8,5459
2021-03-03,164,Hengelo,Overijssel,23,Ziekenhuisopname,0,64
2021-03-03,164,Hengelo,Overijssel,23,Overleden,0,65
2021-03-03,166,Kampen,Overijssel,23,Totaal,9,2372
2021-03-03,166,Kampen,Overijssel,23,Ziekenhuisopname,0,70
2021-03-03,166,Kampen,Overijssel,23,Overleden,0,41
2021-03-03,168,Losser,Overijssel,23,Totaal,0,2065
2021-03-03,168,Losser,Overijssel,23,Ziekenhuisopname,0,43
2021-03-03,168,Losser,Overijssel,23,Overleden,0,32
2021-03-03,171,Noordoostpolder,Flevoland,24,Totaal,8,2401
2021-03-03,171,Noordoostpolder,Flevoland,24,Ziekenhuisopname,0,28
2021-03-03,171,Noordoostpolder,Flevoland,24,Overleden,0,26
2021-03-03,173,Oldenzaal,Overijssel,23,Totaal,5,2435
2021-03-03,173,Oldenzaal,Overijssel,23,Ziekenhuisopname,0,49
2021-03-03,173,Oldenzaal,Overijssel,23,Overleden,0,42
2021-03-03,175,Ommen,Overijssel,23,Totaal,9,995
2021-03-03,175,Ommen,Overijssel,23,Ziekenhuisopname,0,13
2021-03-03,175,Ommen,Overijssel,23,Overleden,0,15
2021-03-03,177,Raalte,Overijssel,23,Totaal,2,2567
2021-03-03,177,Raalte,Overijssel,23,Ziekenhuisopname,1,36
2021-03-03,177,Raalte,Overijssel,23,Overleden,0,36
2021-03-03,180,Staphorst,Overijssel,23,Totaal,2,1596
2021-03-03,180,Staphorst,Overijssel,23,Ziekenhuisopname,0,14
2021-03-03,180,Staphorst,Overijssel,23,Overleden,0,18
2021-03-03,183,Tubbergen,Overijssel,23,Totaal,5,2081
2021-03-03,183,Tubbergen,Overijssel,23,Ziekenhuisopname,0,18
2021-03-03,183,Tubbergen,Overijssel,23,Overleden,0,16
2021-03-03,184,Urk,Flevoland,24,Totaal,0,1902
2021-03-03,184,Urk,Flevoland,24,Ziekenhuisopname,0,44
2021-03-03,184,Urk,Flevoland,24,Overleden,0,12
2021-03-03,189,Wierden,Overijssel,23,Totaal,7,2379
2021-03-03,189,Wierden,Overijssel,23,Ziekenhuisopname,0,18
2021-03-03,189,Wierden,Overijssel,23,Overleden,0,27
2021-03-03,193,Zwolle,Overijssel,23,Totaal,31,5144
2021-03-03,193,Zwolle,Overijssel,23,Ziekenhuisopname,0,72
2021-03-03,193,Zwolle,Overijssel,23,Overleden,0,90
2021-03-03,197,Aalten,Gelderland,25,Totaal,3,1465
2021-03-03,197,Aalten,Gelderland,25,Ziekenhuisopname,0,19
2021-03-03,197,Aalten,Gelderland,25,Overleden,0,18
2021-03-03,200,Apeldoorn,Gelderland,25,Totaal,32,7731
2021-03-03,200,Apeldoorn,Gelderland,25,Ziekenhuisopname,1,168
2021-03-03,200,Apeldoorn,Gelderland,25,Overleden,0,139
2021-03-03,202,Arnhem,Gelderland,25,Totaal,33,8734
2021-03-03,202,Arnhem,Gelderland,25,Ziekenhuisopname,0,158
2021-03-03,202,Arnhem,Gelderland,25,Overleden,0,114
2021-03-03,203,Barneveld,Gelderland,25,Totaal,4,5690
2021-03-03,203,Barneveld,Gelderland,25,Ziekenhuisopname,0,44
2021-03-03,203,Barneveld,Gelderland,25,Overleden,0,56
2021-03-03,209,Beuningen,Gelderland,25,Totaal,8,1496
2021-03-03,209,Beuningen,Gelderland,25,Ziekenhuisopname,0,32
2021-03-03,209,Beuningen,Gelderland,25,Overleden,0,17
2021-03-03,213,Brummen,Gelderland,25,Totaal,8,910
2021-03-03,213,Brummen,Gelderland,25,Ziekenhuisopname,0,28
2021-03-03,213,Brummen,Gelderland,25,Overleden,0,16
2021-03-03,214,Buren,Gelderland,25,Totaal,10,1642
2021-03-03,214,Buren,Gelderland,25,Ziekenhuisopname,0,36
2021-03-03,214,Buren,Gelderland,25,Overleden,0,17
2021-03-03,216,Culemborg,Gelderland,25,Totaal,7,1827
2021-03-03,216,Culemborg,Gelderland,25,Ziekenhuisopname,0,41
2021-03-03,216,Culemborg,Gelderland,25,Overleden,0,18
2021-03-03,221,Doesburg,Gelderland,25,Totaal,3,548
2021-03-03,221,Doesburg,Gelderland,25,Ziekenhuisopname,0,16
2021-03-03,221,Doesburg,Gelderland,25,Overleden,0,9
2021-03-03,222,Doetinchem,Gelderland,25,Totaal,10,2959
2021-03-03,222,Doetinchem,Gelderland,25,Ziekenhuisopname,0,53
2021-03-03,222,Doetinchem,Gelderland,25,Overleden,0,27
2021-03-03,225,Druten,Gelderland,25,Totaal,6,1345
2021-03-03,225,Druten,Gelderland,25,Ziekenhuisopname,0,38
2021-03-03,225,Druten,Gelderland,25,Overleden,0,24
2021-03-03,226,Duiven,Gelderland,25,Totaal,8,1448
2021-03-03,226,Duiven,Gelderland,25,Ziekenhuisopname,0,26
2021-03-03,226,Duiven,Gelderland,25,Overleden,0,12
2021-03-03,228,Ede,Gelderland,25,Totaal,19,8585
2021-03-03,228,Ede,Gelderland,25,Ziekenhuisopname,0,125
2021-03-03,228,Ede,Gelderland,25,Overleden,0,73
2021-03-03,230,Elburg,Gelderland,25,Totaal,2,1328
2021-03-03,230,Elburg,Gelderland,25,Ziekenhuisopname,0,35
2021-03-03,230,Elburg,Gelderland,25,Overleden,0,13
2021-03-03,232,Epe,Gelderland,25,Totaal,7,1766
2021-03-03,232,Epe,Gelderland,25,Ziekenhuisopname,0,65
2021-03-03,232,Epe,Gelderland,25,Overleden,0,44
2021-03-03,233,Ermelo,Gelderland,25,Totaal,3,1793
2021-03-03,233,Ermelo,Gelderland,25,Ziekenhuisopname,0,36
2021-03-03,233,Ermelo,Gelderland,25,Overleden,0,32
2021-03-03,243,Harderwijk,Gelderland,25,Totaal,19,2969
2021-03-03,243,Harderwijk,Gelderland,25,Ziekenhuisopname,0,72
2021-03-03,243,Harderwijk,Gelderland,25,Overleden,0,44
2021-03-03,244,Hattem,Gelderland,25,Totaal,9,550
2021-03-03,244,Hattem,Gelderland,25,Ziekenhuisopname,0,19
2021-03-03,244,Hattem,Gelderland,25,Overleden,0,7
2021-03-03,246,Heerde,Gelderland,25,Totaal,0,809
2021-03-03,246,Heerde,Gelderland,25,Ziekenhuisopname,0,55
2021-03-03,246,Heerde,Gelderland,25,Overleden,0,30
2021-03-03,252,Heumen,Gelderland,25,Totaal,5,972
2021-03-03,252,Heumen,Gelderland,25,Ziekenhuisopname,0,25
2021-03-03,252,Heumen,Gelderland,25,Overleden,0,16
2021-03-03,262,Lochem,Gelderland,25,Totaal,1,1363
2021-03-03,262,Lochem,Gelderland,25,Ziekenhuisopname,0,30
2021-03-03,262,Lochem,Gelderland,25,Overleden,0,26
2021-03-03,263,Maasdriel,Gelderland,25,Totaal,12,1941
2021-03-03,263,Maasdriel,Gelderland,25,Ziekenhuisopname,0,31
2021-03-03,263,Maasdriel,Gelderland,25,Overleden,1,30
2021-03-03,267,Nijkerk,Gelderland,25,Totaal,2,3352
2021-03-03,267,Nijkerk,Gelderland,25,Ziekenhuisopname,0,45
2021-03-03,267,Nijkerk,Gelderland,25,Overleden,0,26
2021-03-03,268,Nijmegen,Gelderland,25,Totaal,26,9704
2021-03-03,268,Nijmegen,Gelderland,25,Ziekenhuisopname,0,231
2021-03-03,268,Nijmegen,Gelderland,25,Overleden,0,170
2021-03-03,269,Oldebroek,Gelderland,25,Totaal,6,1443
2021-03-03,269,Oldebroek,Gelderland,25,Ziekenhuisopname,0,45
2021-03-03,269,Oldebroek,Gelderland,25,Overleden,0,29
2021-03-03,273,Putten,Gelderland,25,Totaal,8,1823
2021-03-03,273,Putten,Gelderland,25,Ziekenhuisopname,0,17
2021-03-03,273,Putten,Gelderland,25,Overleden,0,13
2021-03-03,274,Renkum,Gelderland,25,Totaal,2,1399
2021-03-03,274,Renkum,Gelderland,25,Ziekenhuisopname,0,29
2021-03-03,274,Renkum,Gelderland,25,Overleden,0,24
2021-03-03,275,Rheden,Gelderland,25,Totaal,14,2469
2021-03-03,275,Rheden,Gelderland,25,Ziekenhuisopname,0,58
2021-03-03,275,Rheden,Gelderland,25,Overleden,0,50
2021-03-03,277,Rozendaal,Gelderland,25,Totaal,0,73
2021-03-03,277,Rozendaal,Gelderland,25,Ziekenhuisopname,0,1
2021-03-03,277,Rozendaal,Gelderland,25,Overleden,0,0
2021-03-03,279,Scherpenzeel,Gelderland,25,Totaal,1,804
2021-03-03,279,Scherpenzeel,Gelderland,25,Ziekenhuisopname,0,5
2021-03-03,279,Scherpenzeel,Gelderland,25,Overleden,0,12
2021-03-03,281,Tiel,Gelderland,25,Totaal,17,2882
2021-03-03,281,Tiel,Gelderland,25,Ziekenhuisopname,0,75
2021-03-03,281,Tiel,Gelderland,25,Overleden,0,72
2021-03-03,285,Voorst,Gelderland,25,Totaal,3,1194
2021-03-03,285,Voorst,Gelderland,25,Ziekenhuisopname,1,28
2021-03-03,285,Voorst,Gelderland,25,Overleden,0,28
2021-03-03,289,Wageningen,Gelderland,25,Totaal,1,2026
2021-03-03,289,Wageningen,Gelderland,25,Ziekenhuisopname,0,38
2021-03-03,289,Wageningen,Gelderland,25,Overleden,0,38
2021-03-03,293,Westervoort,Gelderland,25,Totaal,2,797
2021-03-03,293,Westervoort,Gelderland,25,Ziekenhuisopname,0,19
2021-03-03,293,Westervoort,Gelderland,25,Overleden,0,8
2021-03-03,294,Winterswijk,Gelderland,25,Totaal,1,1324
2021-03-03,294,Winterswijk,Gelderland,25,Ziekenhuisopname,0,13
2021-03-03,294,Winterswijk,Gelderland,25,Overleden,0,13
2021-03-03,296,Wijchen,Gelderland,25,Totaal,7,2694
2021-03-03,296,Wijchen,Gelderland,25,Ziekenhuisopname,0,70
2021-03-03,296,Wijchen,Gelderland,25,Overleden,0,51
2021-03-03,297,Zaltbommel,Gelderland,25,Totaal,16,2653
2021-03-03,297,Zaltbommel,Gelderland,25,Ziekenhuisopname,0,36
2021-03-03,297,Zaltbommel,Gelderland,25,Overleden,1,39
2021-03-03,299,Zevenaar,Gelderland,25,Totaal,8,2139
2021-03-03,299,Zevenaar,Gelderland,25,Ziekenhuisopname,0,72
2021-03-03,299,Zevenaar,Gelderland,25,Overleden,0,45
2021-03-03,301,Zutphen,Gelderland,25,Totaal,10,1901
2021-03-03,301,Zutphen,Gelderland,25,Ziekenhuisopname,0,46
2021-03-03,301,Zutphen,Gelderland,25,Overleden,0,29
2021-03-03,302,Nunspeet,Gelderland,25,Totaal,2,1493
2021-03-03,302,Nunspeet,Gelderland,25,Ziekenhuisopname,0,74
2021-03-03,302,Nunspeet,Gelderland,25,Overleden,0,30
2021-03-03,303,Dronten,Flevoland,24,Totaal,12,2102
2021-03-03,303,Dronten,Flevoland,24,Ziekenhuisopname,0,57
2021-03-03,303,Dronten,Flevoland,24,Overleden,0,22
2021-03-03,307,Amersfoort,Utrecht,26,Totaal,36,9957
2021-03-03,307,Amersfoort,Utrecht,26,Ziekenhuisopname,0,200
2021-03-03,307,Amersfoort,Utrecht,26,Overleden,1,119
2021-03-03,308,Baarn,Utrecht,26,Totaal,9,1483
2021-03-03,308,Baarn,Utrecht,26,Ziekenhuisopname,0,28
2021-03-03,308,Baarn,Utrecht,26,Overleden,0,25
2021-03-03,310,De Bilt,Utrecht,26,Totaal,13,2686
2021-03-03,310,De Bilt,Utrecht,26,Ziekenhuisopname,0,55
2021-03-03,310,De Bilt,Utrecht,26,Overleden,1,70
2021-03-03,312,Bunnik,Utrecht,26,Totaal,2,805
2021-03-03,312,Bunnik,Utrecht,26,Ziekenhuisopname,0,19
2021-03-03,312,Bunnik,Utrecht,26,Overleden,0,11
2021-03-03,313,Bunschoten,Utrecht,26,Totaal,15,3282
2021-03-03,313,Bunschoten,Utrecht,26,Ziekenhuisopname,0,46
2021-03-03,313,Bunschoten,Utrecht,26,Overleden,0,38
2021-03-03,317,Eemnes,Utrecht,26,Totaal,6,660
2021-03-03,317,Eemnes,Utrecht,26,Ziekenhuisopname,0,15
2021-03-03,317,Eemnes,Utrecht,26,Overleden,0,2
2021-03-03,321,Houten,Utrecht,26,Totaal,6,2777
2021-03-03,321,Houten,Utrecht,26,Ziekenhuisopname,0,60
2021-03-03,321,Houten,Utrecht,26,Overleden,0,51
2021-03-03,327,Leusden,Utrecht,26,Totaal,5,1714
2021-03-03,327,Leusden,Utrecht,26,Ziekenhuisopname,0,30
2021-03-03,327,Leusden,Utrecht,26,Overleden,0,23
2021-03-03,331,Lopik,Utrecht,26,Totaal,10,1058
2021-03-03,331,Lopik,Utrecht,26,Ziekenhuisopname,0,28
2021-03-03,331,Lopik,Utrecht,26,Overleden,0,9
2021-03-03,335,Montfoort,Utrecht,26,Totaal,7,992
2021-03-03,335,Montfoort,Utrecht,26,Ziekenhuisopname,0,21
2021-03-03,335,Montfoort,Utrecht,26,Overleden,0,7
2021-03-03,339,Renswoude,Utrecht,26,Totaal,0,414
2021-03-03,339,Renswoude,Utrecht,26,Ziekenhuisopname,0,6
2021-03-03,339,Renswoude,Utrecht,26,Overleden,0,5
2021-03-03,340,Rhenen,Utrecht,26,Totaal,2,1733
2021-03-03,340,Rhenen,Utrecht,26,Ziekenhuisopname,0,26
2021-03-03,340,Rhenen,Utrecht,26,Overleden,0,18
2021-03-03,342,Soest,Utrecht,26,Totaal,3,2859
2021-03-03,342,Soest,Utrecht,26,Ziekenhuisopname,0,66
2021-03-03,342,Soest,Utrecht,26,Overleden,0,45
2021-03-03,344,Utrecht,Utrecht,26,Totaal,66,21882
2021-03-03,344,Utrecht,Utrecht,26,Ziekenhuisopname,1,566
2021-03-03,344,Utrecht,Utrecht,26,Overleden,1,222
2021-03-03,345,Veenendaal,Utrecht,26,Totaal,10,5883
2021-03-03,345,Veenendaal,Utrecht,26,Ziekenhuisopname,0,110
2021-03-03,345,Veenendaal,Utrecht,26,Overleden,0,70
2021-03-03,351,Woudenberg,Utrecht,26,Totaal,0,1098
2021-03-03,351,Woudenberg,Utrecht,26,Ziekenhuisopname,0,20
2021-03-03,351,Woudenberg,Utrecht,26,Overleden,0,8
2021-03-03,352,Wijk bij Duurstede,Utrecht,26,Totaal,7,1213
2021-03-03,352,Wijk bij Duurstede,Utrecht,26,Ziekenhuisopname,0,24
2021-03-03,352,Wijk bij Duurstede,Utrecht,26,Overleden,0,10
2021-03-03,353,IJsselstein,Utrecht,26,Totaal,4,2028
2021-03-03,353,IJsselstein,Utrecht,26,Ziekenhuisopname,0,64
2021-03-03,353,IJsselstein,Utrecht,26,Overleden,0,53
2021-03-03,355,Zeist,Utrecht,26,Totaal,17,3613
2021-03-03,355,Zeist,Utrecht,26,Ziekenhuisopname,0,69
2021-03-03,355,Zeist,Utrecht,26,Overleden,5,68
2021-03-03,356,Nieuwegein,Utrecht,26,Totaal,11,3442
2021-03-03,356,Nieuwegein,Utrecht,26,Ziekenhuisopname,0,90
2021-03-03,356,Nieuwegein,Utrecht,26,Overleden,0,25
2021-03-03,358,Aalsmeer,Noord-Holland,27,Totaal,8,1874
2021-03-03,358,Aalsmeer,Noord-Holland,27,Ziekenhuisopname,0,27
2021-03-03,358,Aalsmeer,Noord-Holland,27,Overleden,0,22
2021-03-03,361,Alkmaar,Noord-Holland,27,Totaal,49,6363
2021-03-03,361,Alkmaar,Noord-Holland,27,Ziekenhuisopname,0,106
2021-03-03,361,Alkmaar,Noord-Holland,27,Overleden,0,64
2021-03-03,362,Amstelveen,Noord-Holland,27,Totaal,28,4933
2021-03-03,362,Amstelveen,Noord-Holland,27,Ziekenhuisopname,0,107
2021-03-03,362,Amstelveen,Noord-Holland,27,Overleden,0,87
2021-03-03,363,Amsterdam,Noord-Holland,27,Totaal,305,63789
2021-03-03,363,Amsterdam,Noord-Holland,27,Ziekenhuisopname,1,1587
2021-03-03,363,Amsterdam,Noord-Holland,27,Overleden,0,686
2021-03-03,370,Beemster,Noord-Holland,27,Totaal,11,584
2021-03-03,370,Beemster,Noord-Holland,27,Ziekenhuisopname,0,6
2021-03-03,370,Beemster,Noord-Holland,27,Overleden,0,2
2021-03-03,373,Bergen (NH.),Noord-Holland,27,Totaal,15,1670
2021-03-03,373,Bergen (NH.),Noord-Holland,27,Ziekenhuisopname,0,33
2021-03-03,373,Bergen (NH.),Noord-Holland,27,Overleden,0,32
2021-03-03,375,Beverwijk,Noord-Holland,27,Totaal,31,2792
2021-03-03,375,Beverwijk,Noord-Holland,27,Ziekenhuisopname,0,35
2021-03-03,375,Beverwijk,Noord-Holland,27,Overleden,0,36
2021-03-03,376,Blaricum,Noord-Holland,27,Totaal,2,659
2021-03-03,376,Blaricum,Noord-Holland,27,Ziekenhuisopname,0,10
2021-03-03,376,Blaricum,Noord-Holland,27,Overleden,0,6
2021-03-03,377,Bloemendaal,Noord-Holland,27,Totaal,5,1106
2021-03-03,377,Bloemendaal,Noord-Holland,27,Ziekenhuisopname,0,13
2021-03-03,377,Bloemendaal,Noord-Holland,27,Overleden,0,16
2021-03-03,383,Castricum,Noord-Holland,27,Totaal,15,1866
2021-03-03,383,Castricum,Noord-Holland,27,Ziekenhuisopname,0,22
2021-03-03,383,Castricum,Noord-Holland,27,Overleden,0,20
2021-03-03,384,Diemen,Noord-Holland,27,Totaal,14,2273
2021-03-03,384,Diemen,Noord-Holland,27,Ziekenhuisopname,0,37
2021-03-03,384,Diemen,Noord-Holland,27,Overleden,0,30
2021-03-03,385,Edam-Volendam,Noord-Holland,27,Totaal,16,2830
2021-03-03,385,Edam-Volendam,Noord-Holland,27,Ziekenhuisopname,0,72
2021-03-03,385,Edam-Volendam,Noord-Holland,27,Overleden,0,14
2021-03-03,388,Enkhuizen,Noord-Holland,27,Totaal,15,1505
2021-03-03,388,Enkhuizen,Noord-Holland,27,Ziekenhuisopname,1,28
2021-03-03,388,Enkhuizen,Noord-Holland,27,Overleden,0,11
2021-03-03,392,Haarlem,Noord-Holland,27,Totaal,38,8608
2021-03-03,392,Haarlem,Noord-Holland,27,Ziekenhuisopname,0,169
2021-03-03,392,Haarlem,Noord-Holland,27,Overleden,0,140
2021-03-03,394,Haarlemmermeer,Noord-Holland,27,Totaal,58,9225
2021-03-03,394,Haarlemmermeer,Noord-Holland,27,Ziekenhuisopname,0,154
2021-03-03,394,Haarlemmermeer,Noord-Holland,27,Overleden,0,99
2021-03-03,396,Heemskerk,Noord-Holland,27,Totaal,30,2712
2021-03-03,396,Heemskerk,Noord-Holland,27,Ziekenhuisopname,0,51
2021-03-03,396,Heemskerk,Noord-Holland,27,Overleden,0,28
2021-03-03,397,Heemstede,Noord-Holland,27,Totaal,6,1288
2021-03-03,397,Heemstede,Noord-Holland,27,Ziekenhuisopname,0,21
2021-03-03,397,Heemstede,Noord-Holland,27,Overleden,0,57
2021-03-03,398,Heerhugowaard,Noord-Holland,27,Totaal,27,3564
2021-03-03,398,Heerhugowaard,Noord-Holland,27,Ziekenhuisopname,0,51
2021-03-03,398,Heerhugowaard,Noord-Holland,27,Overleden,0,29
2021-03-03,399,Heiloo,Noord-Holland,27,Totaal,10,1126
2021-03-03,399,Heiloo,Noord-Holland,27,Ziekenhuisopname,0,19
2021-03-03,399,Heiloo,Noord-Holland,27,Overleden,0,12
2021-03-03,400,Den Helder,Noord-Holland,27,Totaal,28,3288
2021-03-03,400,Den Helder,Noord-Holland,27,Ziekenhuisopname,1,37
2021-03-03,400,Den Helder,Noord-Holland,27,Overleden,0,27
2021-03-03,402,Hilversum,Noord-Holland,27,Totaal,14,4693
2021-03-03,402,Hilversum,Noord-Holland,27,Ziekenhuisopname,-1,65
2021-03-03,402,Hilversum,Noord-Holland,27,Overleden,0,74
2021-03-03,405,Hoorn,Noord-Holland,27,Totaal,82,6008
2021-03-03,405,Hoorn,Noord-Holland,27,Ziekenhuisopname,0,73
2021-03-03,405,Hoorn,Noord-Holland,27,Overleden,0,47
2021-03-03,406,Huizen,Noord-Holland,27,Totaal,11,3033
2021-03-03,406,Huizen,Noord-Holland,27,Ziekenhuisopname,0,52
2021-03-03,406,Huizen,Noord-Holland,27,Overleden,0,52
2021-03-03,415,Landsmeer,Noord-Holland,27,Totaal,2,836
2021-03-03,415,Landsmeer,Noord-Holland,27,Ziekenhuisopname,0,10
2021-03-03,415,Landsmeer,Noord-Holland,27,Overleden,0,5
2021-03-03,416,Langedijk,Noord-Holland,27,Totaal,11,1740
2021-03-03,416,Langedijk,Noord-Holland,27,Ziekenhuisopname,0,26
2021-03-03,416,Langedijk,Noord-Holland,27,Overleden,0,10
2021-03-03,417,Laren,Noord-Holland,27,Totaal,8,735
2021-03-03,417,Laren,Noord-Holland,27,Ziekenhuisopname,0,15
2021-03-03,417,Laren,Noord-Holland,27,Overleden,0,26
2021-03-03,420,Medemblik,Noord-Holland,27,Totaal,44,3796
2021-03-03,420,Medemblik,Noord-Holland,27,Ziekenhuisopname,0,43
2021-03-03,420,Medemblik,Noord-Holland,27,Overleden,0,23
2021-03-03,431,Oostzaan,Noord-Holland,27,Totaal,1,742
2021-03-03,431,Oostzaan,Noord-Holland,27,Ziekenhuisopname,0,16
2021-03-03,431,Oostzaan,Noord-Holland,27,Overleden,0,8
2021-03-03,432,Opmeer,Noord-Holland,27,Totaal,14,915
2021-03-03,432,Opmeer,Noord-Holland,27,Ziekenhuisopname,0,6
2021-03-03,432,Opmeer,Noord-Holland,27,Overleden,0,4
2021-03-03,437,Ouder-Amstel,Noord-Holland,27,Totaal,5,902
2021-03-03,437,Ouder-Amstel,Noord-Holland,27,Ziekenhuisopname,0,11
2021-03-03,437,Ouder-Amstel,Noord-Holland,27,Overleden,0,4
2021-03-03,439,Purmerend,Noord-Holland,27,Totaal,44,5260
2021-03-03,439,Purmerend,Noord-Holland,27,Ziekenhuisopname,0,150
2021-03-03,439,Purmerend,Noord-Holland,27,Overleden,0,71
2021-03-03,441,Schagen,Noord-Holland,27,Totaal,40,2913
2021-03-03,441,Schagen,Noord-Holland,27,Ziekenhuisopname,0,38
2021-03-03,441,Schagen,Noord-Holland,27,Overleden,1,45
2021-03-03,448,Texel,Noord-Holland,27,Totaal,1,337
2021-03-03,448,Texel,Noord-Holland,27,Ziekenhuisopname,0,6
2021-03-03,448,Texel,Noord-Holland,27,Overleden,0,3
2021-03-03,450,Uitgeest,Noord-Holland,27,Totaal,2,930
2021-03-03,450,Uitgeest,Noord-Holland,27,Ziekenhuisopname,0,10
2021-03-03,450,Uitgeest,Noord-Holland,27,Overleden,0,7
2021-03-03,451,Uithoorn,Noord-Holland,27,Totaal,6,1658
2021-03-03,451,Uithoorn,Noord-Holland,27,Ziekenhuisopname,0,31
2021-03-03,451,Uithoorn,Noord-Holland,27,Overleden,0,11
2021-03-03,453,Velsen,Noord-Holland,27,Totaal,56,4603
2021-03-03,453,Velsen,Noord-Holland,27,Ziekenhuisopname,0,84
2021-03-03,453,Velsen,Noord-Holland,27,Overleden,0,84
2021-03-03,457,Weesp,Noord-Holland,27,Totaal,4,1486
2021-03-03,457,Weesp,Noord-Holland,27,Ziekenhuisopname,0,17
2021-03-03,457,Weesp,Noord-Holland,27,Overleden,0,19
2021-03-03,473,Zandvoort,Noord-Holland,27,Totaal,8,886
2021-03-03,473,Zandvoort,Noord-Holland,27,Ziekenhuisopname,0,17
2021-03-03,473,Zandvoort,Noord-Holland,27,Overleden,0,41
2021-03-03,479,Zaanstad,Noord-Holland,27,Totaal,58,10788
2021-03-03,479,Zaanstad,Noord-Holland,27,Ziekenhuisopname,0,259
2021-03-03,479,Zaanstad,Noord-Holland,27,Overleden,0,151
2021-03-03,482,Alblasserdam,Zuid-Holland,28,Totaal,10,1648
2021-03-03,482,Alblasserdam,Zuid-Holland,28,Ziekenhuisopname,0,29
2021-03-03,482,Alblasserdam,Zuid-Holland,28,Overleden,0,18
2021-03-03,484,Alphen aan den Rijn,Zuid-Holland,28,Totaal,39,7818
2021-03-03,484,Alphen aan den Rijn,Zuid-Holland,28,Ziekenhuisopname,0,156
2021-03-03,484,Alphen aan den Rijn,Zuid-Holland,28,Overleden,0,106
2021-03-03,489,Barendrecht,Zuid-Holland,28,Totaal,15,3476
2021-03-03,489,Barendrecht,Zuid-Holland,28,Ziekenhuisopname,0,85
2021-03-03,489,Barendrecht,Zuid-Holland,28,Overleden,0,40
2021-03-03,498,Drechterland,Noord-Holland,27,Totaal,18,1567
2021-03-03,498,Drechterland,Noord-Holland,27,Ziekenhuisopname,0,15
2021-03-03,498,Drechterland,Noord-Holland,27,Overleden,0,11
2021-03-03,501,Brielle,Zuid-Holland,28,Totaal,3,946
2021-03-03,501,Brielle,Zuid-Holland,28,Ziekenhuisopname,0,29
2021-03-03,501,Brielle,Zuid-Holland,28,Overleden,0,9
2021-03-03,502,Capelle aan den IJssel,Zuid-Holland,28,Totaal,23,4854
2021-03-03,502,Capelle aan den IJssel,Zuid-Holland,28,Ziekenhuisopname,0,137
2021-03-03,502,Capelle aan den IJssel,Zuid-Holland,28,Overleden,0,123
2021-03-03,503,Delft,Zuid-Holland,28,Totaal,20,6296
2021-03-03,503,Delft,Zuid-Holland,28,Ziekenhuisopname,0,83
2021-03-03,503,Delft,Zuid-Holland,28,Overleden,0,73
2021-03-03,505,Dordrecht,Zuid-Holland,28,Totaal,44,9167
2021-03-03,505,Dordrecht,Zuid-Holland,28,Ziekenhuisopname,2,191
2021-03-03,505,Dordrecht,Zuid-Holland,28,Overleden,0,145
2021-03-03,512,Gorinchem,Zuid-Holland,28,Totaal,5,2730
2021-03-03,512,Gorinchem,Zuid-Holland,28,Ziekenhuisopname,0,42
2021-03-03,512,Gorinchem,Zuid-Holland,28,Overleden,1,36
2021-03-03,513,Gouda,Zuid-Holland,28,Totaal,14,5239
2021-03-03,513,Gouda,Zuid-Holland,28,Ziekenhuisopname,0,172
2021-03-03,513,Gouda,Zuid-Holland,28,Overleden,0,148
2021-03-03,518,'s-Gravenhage,Zuid-Holland,28,Totaal,119,35535
2021-03-03,518,'s-Gravenhage,Zuid-Holland,28,Ziekenhuisopname,3,1149
2021-03-03,518,'s-Gravenhage,Zuid-Holland,28,Overleden,2,521
2021-03-03,523,Hardinxveld-Giessendam,Zuid-Holland,28,Totaal,7,1847
2021-03-03,523,Hardinxveld-Giessendam,Zuid-Holland,28,Ziekenhuisopname,0,9
2021-03-03,523,Hardinxveld-Giessendam,Zuid-Holland,28,Overleden,1,19
2021-03-03,530,Hellevoetsluis,Zuid-Holland,28,Totaal,5,2106
2021-03-03,530,Hellevoetsluis,Zuid-Holland,28,Ziekenhuisopname,0,45
2021-03-03,530,Hellevoetsluis,Zuid-Holland,28,Overleden,0,39
2021-03-03,531,Hendrik-Ido-Ambacht,Zuid-Holland,28,Totaal,4,2285
2021-03-03,531,Hendrik-Ido-Ambacht,Zuid-Holland,28,Ziekenhuisopname,2,29
2021-03-03,531,Hendrik-Ido-Ambacht,Zuid-Holland,28,Overleden,0,29
2021-03-03,532,Stede Broec,Noord-Holland,27,Totaal,19,1809
2021-03-03,532,Stede Broec,Noord-Holland,27,Ziekenhuisopname,0,27
2021-03-03,532,Stede Broec,Noord-Holland,27,Overleden,0,15
2021-03-03,534,Hillegom,Zuid-Holland,28,Totaal,12,1213
2021-03-03,534,Hillegom,Zuid-Holland,28,Ziekenhuisopname,0,15
2021-03-03,534,Hillegom,Zuid-Holland,28,Overleden,0,17
2021-03-03,537,Katwijk,Zuid-Holland,28,Totaal,24,5929
2021-03-03,537,Katwijk,Zuid-Holland,28,Ziekenhuisopname,0,93
2021-03-03,537,Katwijk,Zuid-Holland,28,Overleden,0,52
2021-03-03,542,Krimpen aan den IJssel,Zuid-Holland,28,Totaal,12,2551
2021-03-03,542,Krimpen aan den IJssel,Zuid-Holland,28,Ziekenhuisopname,0,44
2021-03-03,542,Krimpen aan den IJssel,Zuid-Holland,28,Overleden,0,66
2021-03-03,546,Leiden,Zuid-Holland,28,Totaal,22,6943
2021-03-03,546,Leiden,Zuid-Holland,28,Ziekenhuisopname,0,106
2021-03-03,546,Leiden,Zuid-Holland,28,Overleden,0,61
2021-03-03,547,Leiderdorp,Zuid-Holland,28,Totaal,1,1512
2021-03-03,547,Leiderdorp,Zuid-Holland,28,Ziekenhuisopname,0,35
2021-03-03,547,Leiderdorp,Zuid-Holland,28,Overleden,0,21
2021-03-03,553,Lisse,Zuid-Holland,28,Totaal,4,1374
2021-03-03,553,Lisse,Zuid-Holland,28,Ziekenhuisopname,0,25
2021-03-03,553,Lisse,Zuid-Holland,28,Overleden,0,17
2021-03-03,556,Maassluis,Zuid-Holland,28,Totaal,2,2303
2021-03-03,556,Maassluis,Zuid-Holland,28,Ziekenhuisopname,0,57
2021-03-03,556,Maassluis,Zuid-Holland,28,Overleden,0,30
2021-03-03,569,Nieuwkoop,Zuid-Holland,28,Totaal,14,2026
2021-03-03,569,Nieuwkoop,Zuid-Holland,28,Ziekenhuisopname,0,33
2021-03-03,569,Nieuwkoop,Zuid-Holland,28,Overleden,0,20
2021-03-03,575,Noordwijk,Zuid-Holland,28,Totaal,13,2645
2021-03-03,575,Noordwijk,Zuid-Holland,28,Ziekenhuisopname,0,57
2021-03-03,575,Noordwijk,Zuid-Holland,28,Overleden,0,19
2021-03-03,579,Oegstgeest,Zuid-Holland,28,Totaal,8,1350
2021-03-03,579,Oegstgeest,Zuid-Holland,28,Ziekenhuisopname,0,20
2021-03-03,579,Oegstgeest,Zuid-Holland,28,Overleden,0,29
2021-03-03,589,Oudewater,Utrecht,26,Totaal,1,690
2021-03-03,589,Oudewater,Utrecht,26,Ziekenhuisopname,0,34
2021-03-03,589,Oudewater,Utrecht,26,Overleden,0,12
2021-03-03,590,Papendrecht,Zuid-Holland,28,Totaal,12,2198
2021-03-03,590,Papendrecht,Zuid-Holland,28,Ziekenhuisopname,1,37
2021-03-03,590,Papendrecht,Zuid-Holland,28,Overleden,0,40
2021-03-03,597,Ridderkerk,Zuid-Holland,28,Totaal,22,3558
2021-03-03,597,Ridderkerk,Zuid-Holland,28,Ziekenhuisopname,0,88
2021-03-03,597,Ridderkerk,Zuid-Holland,28,Overleden,1,79
2021-03-03,599,Rotterdam,Zuid-Holland,28,Totaal,194,51021
2021-03-03,599,Rotterdam,Zuid-Holland,28,Ziekenhuisopname,3,1531
2021-03-03,599,Rotterdam,Zuid-Holland,28,Overleden,4,809
2021-03-03,603,Rijswijk,Zuid-Holland,28,Totaal,11,3272
2021-03-03,603,Rijswijk,Zuid-Holland,28,Ziekenhuisopname,1,101
2021-03-03,603,Rijswijk,Zuid-Holland,28,Overleden,0,70
2021-03-03,606,Schiedam,Zuid-Holland,28,Totaal,13,6253
2021-03-03,606,Schiedam,Zuid-Holland,28,Ziekenhuisopname,0,187
2021-03-03,606,Schiedam,Zuid-Holland,28,Overleden,0,102
2021-03-03,610,Sliedrecht,Zuid-Holland,28,Totaal,15,2305
2021-03-03,610,Sliedrecht,Zuid-Holland,28,Ziekenhuisopname,1,24
2021-03-03,610,Sliedrecht,Zuid-Holland,28,Overleden,0,40
2021-03-03,613,Albrandswaard,Zuid-Holland,28,Totaal,5,2031
2021-03-03,613,Albrandswaard,Zuid-Holland,28,Ziekenhuisopname,0,38
2021-03-03,613,Albrandswaard,Zuid-Holland,28,Overleden,0,19
2021-03-03,614,Westvoorne,Zuid-Holland,28,Totaal,1,688
2021-03-03,614,Westvoorne,Zuid-Holland,28,Ziekenhuisopname,1,19
2021-03-03,614,Westvoorne,Zuid-Holland,28,Overleden,0,16
2021-03-03,622,Vlaardingen,Zuid-Holland,28,Totaal,24,5639
2021-03-03,622,Vlaardingen,Zuid-Holland,28,Ziekenhuisopname,2,134
2021-03-03,622,Vlaardingen,Zuid-Holland,28,Overleden,1,83
2021-03-03,626,Voorschoten,Zuid-Holland,28,Totaal,6,1206
2021-03-03,626,Voorschoten,Zuid-Holland,28,Ziekenhuisopname,0,19
2021-03-03,626,Voorschoten,Zuid-Holland,28,Overleden,0,21
2021-03-03,627,Waddinxveen,Zuid-Holland,28,Totaal,9,2030
2021-03-03,627,Waddinxveen,Zuid-Holland,28,Ziekenhuisopname,0,57
2021-03-03,627,Waddinxveen,Zuid-Holland,28,Overleden,0,14
2021-03-03,629,Wassenaar,Zuid-Holland,28,Totaal,4,1356
2021-03-03,629,Wassenaar,Zuid-Holland,28,Ziekenhuisopname,0,32
2021-03-03,629,Wassenaar,Zuid-Holland,28,Overleden,0,29
2021-03-03,632,Woerden,Utrecht,26,Totaal,5,3404
2021-03-03,632,Woerden,Utrecht,26,Ziekenhuisopname,0,99
2021-03-03,632,Woerden,Utrecht,26,Overleden,0,34
2021-03-03,637,Zoetermeer,Zuid-Holland,28,Totaal,29,7614
2021-03-03,637,Zoetermeer,Zuid-Holland,28,Ziekenhuisopname,0,125
2021-03-03,637,Zoetermeer,Zuid-Holland,28,Overleden,0,57
2021-03-03,638,Zoeterwoude,Zuid-Holland,28,Totaal,2,540
2021-03-03,638,Zoeterwoude,Zuid-Holland,28,Ziekenhuisopname,0,7
2021-03-03,638,Zoeterwoude,Zuid-Holland,28,Overleden,0,1
2021-03-03,642,Zwijndrecht,Zuid-Holland,28,Totaal,29,3491
2021-03-03,642,Zwijndrecht,Zuid-Holland,28,Ziekenhuisopname,0,61
2021-03-03,642,Zwijndrecht,Zuid-Holland,28,Overleden,1,80
2021-03-03,654,Borsele,Zeeland,29,Totaal,1,877
2021-03-03,654,Borsele,Zeeland,29,Ziekenhuisopname,0,25
2021-03-03,654,Borsele,Zeeland,29,Overleden,0,5
2021-03-03,664,Goes,Zeeland,29,Totaal,14,1484
2021-03-03,664,Goes,Zeeland,29,Ziekenhuisopname,1,50
2021-03-03,664,Goes,Zeeland,29,Overleden,0,22
2021-03-03,668,West Maas en Waal,Gelderland,25,Totaal,10,1364
2021-03-03,668,West Maas en Waal,Gelderland,25,Ziekenhuisopname,0,24
2021-03-03,668,West Maas en Waal,Gelderland,25,Overleden,0,16
2021-03-03,677,Hulst,Zeeland,29,Totaal,7,1234
2021-03-03,677,Hulst,Zeeland,29,Ziekenhuisopname,0,27
2021-03-03,677,Hulst,Zeeland,29,Overleden,0,12
2021-03-03,678,Kapelle,Zeeland,29,Totaal,0,513
2021-03-03,678,Kapelle,Zeeland,29,Ziekenhuisopname,0,9
2021-03-03,678,Kapelle,Zeeland,29,Overleden,0,6
2021-03-03,687,Middelburg,Zeeland,29,Totaal,10,1979
2021-03-03,687,Middelburg,Zeeland,29,Ziekenhuisopname,0,52
2021-03-03,687,Middelburg,Zeeland,29,Overleden,0,19
2021-03-03,703,Reimerswaal,Zeeland,29,Totaal,5,1405
2021-03-03,703,Reimerswaal,Zeeland,29,Ziekenhuisopname,0,23
2021-03-03,703,Reimerswaal,Zeeland,29,Overleden,0,9
2021-03-03,715,Terneuzen,Zeeland,29,Totaal,7,2620
2021-03-03,715,Terneuzen,Zeeland,29,Ziekenhuisopname,0,78
2021-03-03,715,Terneuzen,Zeeland,29,Overleden,0,25
2021-03-03,716,Tholen,Zeeland,29,Totaal,21,1503
2021-03-03,716,Tholen,Zeeland,29,Ziekenhuisopname,0,55
2021-03-03,716,Tholen,Zeeland,29,Overleden,0,22
2021-03-03,717,Veere,Zeeland,29,Totaal,7,830
2021-03-03,717,Veere,Zeeland,29,Ziekenhuisopname,0,18
2021-03-03,717,Veere,Zeeland,29,Overleden,0,3
2021-03-03,718,Vlissingen,Zeeland,29,Totaal,34,1871
2021-03-03,718,Vlissingen,Zeeland,29,Ziekenhuisopname,1,50
2021-03-03,718,Vlissingen,Zeeland,29,Overleden,0,13
2021-03-03,736,De Ronde Venen,Utrecht,26,Totaal,13,2695
2021-03-03,736,De Ronde Venen,Utrecht,26,Ziekenhuisopname,0,92
2021-03-03,736,De Ronde Venen,Utrecht,26,Overleden,0,33
2021-03-03,737,Tytsjerksteradiel,Friesland,21,Totaal,4,1324
2021-03-03,737,Tytsjerksteradiel,Friesland,21,Ziekenhuisopname,0,19
2021-03-03,737,Tytsjerksteradiel,Friesland,21,Overleden,0,26
2021-03-03,743,Asten,Noord-Brabant,30,Totaal,4,1050
2021-03-03,743,Asten,Noord-Brabant,30,Ziekenhuisopname,0,27
2021-03-03,743,Asten,Noord-Brabant,30,Overleden,0,17
2021-03-03,744,Baarle-Nassau,Noord-Brabant,30,Totaal,0,333
2021-03-03,744,Baarle-Nassau,Noord-Brabant,30,Ziekenhuisopname,0,12
2021-03-03,744,Baarle-Nassau,Noord-Brabant,30,Overleden,0,4
2021-03-03,748,Bergen op Zoom,Noord-Brabant,30,Totaal,17,4443
2021-03-03,748,Bergen op Zoom,Noord-Brabant,30,Ziekenhuisopname,0,81
2021-03-03,748,Bergen op Zoom,Noord-Brabant,30,Overleden,0,38
2021-03-03,753,Best,Noord-Brabant,30,Totaal,12,2076
2021-03-03,753,Best,Noord-Brabant,30,Ziekenhuisopname,0,50
2021-03-03,753,Best,Noord-Brabant,30,Overleden,0,29
2021-03-03,755,Boekel,Noord-Brabant,30,Totaal,3,691
2021-03-03,755,Boekel,Noord-Brabant,30,Ziekenhuisopname,0,40
2021-03-03,755,Boekel,Noord-Brabant,30,Overleden,0,23
2021-03-03,756,Boxmeer,Noord-Brabant,30,Totaal,6,2323
2021-03-03,756,Boxmeer,Noord-Brabant,30,Ziekenhuisopname,0,35
2021-03-03,756,Boxmeer,Noord-Brabant,30,Overleden,0,43
2021-03-03,757,Boxtel,Noord-Brabant,30,Totaal,15,2162
2021-03-03,757,Boxtel,Noord-Brabant,30,Ziekenhuisopname,0,46
2021-03-03,757,Boxtel,Noord-Brabant,30,Overleden,0,65
2021-03-03,758,Breda,Noord-Brabant,30,Totaal,41,10638
2021-03-03,758,Breda,Noord-Brabant,30,Ziekenhuisopname,0,228
2021-03-03,758,Breda,Noord-Brabant,30,Overleden,0,143
2021-03-03,762,Deurne,Noord-Brabant,30,Totaal,8,2361
2021-03-03,762,Deurne,Noord-Brabant,30,Ziekenhuisopname,0,78
2021-03-03,762,Deurne,Noord-Brabant,30,Overleden,0,38
2021-03-03,765,Pekela,Groningen,20,Totaal,2,606
2021-03-03,765,Pekela,Groningen,20,Ziekenhuisopname,0,16
2021-03-03,765,Pekela,Groningen,20,Overleden,0,9
2021-03-03,766,Dongen,Noord-Brabant,30,Totaal,17,2071
2021-03-03,766,Dongen,Noord-Brabant,30,Ziekenhuisopname,0,42
2021-03-03,766,Dongen,Noord-Brabant,30,Overleden,1,24
2021-03-03,770,Eersel,Noord-Brabant,30,Totaal,4,1550
2021-03-03,770,Eersel,Noord-Brabant,30,Ziekenhuisopname,0,42
2021-03-03,770,Eersel,Noord-Brabant,30,Overleden,0,23
2021-03-03,772,Eindhoven,Noord-Brabant,30,Totaal,68,14260
2021-03-03,772,Eindhoven,Noord-Brabant,30,Ziekenhuisopname,1,359
2021-03-03,772,Eindhoven,Noord-Brabant,30,Overleden,2,301
2021-03-03,777,Etten-Leur,Noord-Brabant,30,Totaal,8,2569
2021-03-03,777,Etten-Leur,Noord-Brabant,30,Ziekenhuisopname,0,63
2021-03-03,777,Etten-Leur,Noord-Brabant,30,Overleden,0,37
2021-03-03,779,Geertruidenberg,Noord-Brabant,30,Totaal,13,1536
2021-03-03,779,Geertruidenberg,Noord-Brabant,30,Ziekenhuisopname,0,25
2021-03-03,779,Geertruidenberg,Noord-Brabant,30,Overleden,0,24
2021-03-03,784,Gilze en Rijen,Noord-Brabant,30,Totaal,3,1630
2021-03-03,784,Gilze en Rijen,Noord-Brabant,30,Ziekenhuisopname,0,30
2021-03-03,784,Gilze en Rijen,Noord-Brabant,30,Overleden,0,19
2021-03-03,785,Goirle,Noord-Brabant,30,Totaal,6,1560
2021-03-03,785,Goirle,Noord-Brabant,30,Ziekenhuisopname,0,39
2021-03-03,785,Goirle,Noord-Brabant,30,Overleden,0,35
2021-03-03,786,Grave,Noord-Brabant,30,Totaal,5,998
2021-03-03,786,Grave,Noord-Brabant,30,Ziekenhuisopname,0,29
2021-03-03,786,Grave,Noord-Brabant,30,Overleden,0,24
2021-03-03,788,Haaren,Noord-Brabant,30,Totaal,,
2021-03-03,788,Haaren,Noord-Brabant,30,Ziekenhuisopname,,
2021-03-03,788,Haaren,Noord-Brabant,30,Overleden,,
2021-03-03,794,Helmond,Noord-Brabant,30,Totaal,32,7016
2021-03-03,794,Helmond,Noord-Brabant,30,Ziekenhuisopname,0,180
2021-03-03,794,Helmond,Noord-Brabant,30,Overleden,0,77
2021-03-03,796,'s-Hertogenbosch,Noord-Brabant,30,Totaal,65,10154
2021-03-03,796,'s-Hertogenbosch,Noord-Brabant,30,Ziekenhuisopname,0,207
2021-03-03,796,'s-Hertogenbosch,Noord-Brabant,30,Overleden,0,152
2021-03-03,797,Heusden,Noord-Brabant,30,Totaal,14,3153
2021-03-03,797,Heusden,Noord-Brabant,30,Ziekenhuisopname,0,70
2021-03-03,797,Heusden,Noord-Brabant,30,Overleden,0,46
2021-03-03,798,Hilvarenbeek,Noord-Brabant,30,Totaal,13,1176
2021-03-03,798,Hilvarenbeek,Noord-Brabant,30,Ziekenhuisopname,0,19
2021-03-03,798,Hilvarenbeek,Noord-Brabant,30,Overleden,0,20
2021-03-03,809,Loon op Zand,Noord-Brabant,30,Totaal,5,1812
2021-03-03,809,Loon op Zand,Noord-Brabant,30,Ziekenhuisopname,0,42
2021-03-03,809,Loon op Zand,Noord-Brabant,30,Overleden,0,35
2021-03-03,815,Mill en Sint Hubert,Noord-Brabant,30,Totaal,1,806
2021-03-03,815,Mill en Sint Hubert,Noord-Brabant,30,Ziekenhuisopname,0,17
2021-03-03,815,Mill en Sint Hubert,Noord-Brabant,30,Overleden,0,10
2021-03-03,820,"Nuenen, Gerwen en Nederwetten",Noord-Brabant,30,Totaal,6,1407
2021-03-03,820,"Nuenen, Gerwen en Nederwetten",Noord-Brabant,30,Ziekenhuisopname,0,29
2021-03-03,820,"Nuenen, Gerwen en Nederwetten",Noord-Brabant,30,Overleden,0,19
2021-03-03,823,Oirschot,Noord-Brabant,30,Totaal,13,1498
2021-03-03,823,Oirschot,Noord-Brabant,30,Ziekenhuisopname,0,26
2021-03-03,823,Oirschot,Noord-Brabant,30,Overleden,1,25
2021-03-03,824,Oisterwijk,Noord-Brabant,30,Totaal,11,2089
2021-03-03,824,Oisterwijk,Noord-Brabant,30,Ziekenhuisopname,1,51
2021-03-03,824,Oisterwijk,Noord-Brabant,30,Overleden,0,22
2021-03-03,826,Oosterhout,Noord-Brabant,30,Totaal,17,3520
2021-03-03,826,Oosterhout,Noord-Brabant,30,Ziekenhuisopname,0,72
2021-03-03,826,Oosterhout,Noord-Brabant,30,Overleden,0,33
2021-03-03,828,Oss,Noord-Brabant,30,Totaal,58,6583
2021-03-03,828,Oss,Noord-Brabant,30,Ziekenhuisopname,0,218
2021-03-03,828,Oss,Noord-Brabant,30,Overleden,0,121
2021-03-03,840,Rucphen,Noord-Brabant,30,Totaal,8,1565
2021-03-03,840,Rucphen,Noord-Brabant,30,Ziekenhuisopname,0,39
2021-03-03,840,Rucphen,Noord-Brabant,30,Overleden,0,13
2021-03-03,845,Sint-Michielsgestel,Noord-Brabant,30,Totaal,15,2097
2021-03-03,845,Sint-Michielsgestel,Noord-Brabant,30,Ziekenhuisopname,0,45
2021-03-03,845,Sint-Michielsgestel,Noord-Brabant,30,Overleden,0,28
2021-03-03,847,Someren,Noord-Brabant,30,Totaal,8,1358
2021-03-03,847,Someren,Noord-Brabant,30,Ziekenhuisopname,0,41
2021-03-03,847,Someren,Noord-Brabant,30,Overleden,0,12
2021-03-03,848,Son en Breugel,Noord-Brabant,30,Totaal,4,954
2021-03-03,848,Son en Breugel,Noord-Brabant,30,Ziekenhuisopname,0,39
2021-03-03,848,Son en Breugel,Noord-Brabant,30,Overleden,0,26
2021-03-03,851,Steenbergen,Noord-Brabant,30,Totaal,2,1430
2021-03-03,851,Steenbergen,Noord-Brabant,30,Ziekenhuisopname,0,29
2021-03-03,851,Steenbergen,Noord-Brabant,30,Overleden,0,17
2021-03-03,852,Waterland,Noord-Holland,27,Totaal,5,1259
2021-03-03,852,Waterland,Noord-Holland,27,Ziekenhuisopname,0,28
2021-03-03,852,Waterland,Noord-Holland,27,Overleden,0,15
2021-03-03,855,Tilburg,Noord-Brabant,30,Totaal,101,14747
2021-03-03,855,Tilburg,Noord-Brabant,30,Ziekenhuisopname,0,360
2021-03-03,855,Tilburg,Noord-Brabant,30,Overleden,0,271
2021-03-03,856,Uden,Noord-Brabant,30,Totaal,16,2356
2021-03-03,856,Uden,Noord-Brabant,30,Ziekenhuisopname,0,125
2021-03-03,856,Uden,Noord-Brabant,30,Overleden,0,79
2021-03-03,858,Valkenswaard,Noord-Brabant,30,Totaal,9,2376
2021-03-03,858,Valkenswaard,Noord-Brabant,30,Ziekenhuisopname,0,43
2021-03-03,858,Valkenswaard,Noord-Brabant,30,Overleden,0,51
2021-03-03,861,Veldhoven,Noord-Brabant,30,Totaal,21,3332
2021-03-03,861,Veldhoven,Noord-Brabant,30,Ziekenhuisopname,0,64
2021-03-03,861,Veldhoven,Noord-Brabant,30,Overleden,0,44
2021-03-03,865,Vught,Noord-Brabant,30,Totaal,9,2289
2021-03-03,865,Vught,Noord-Brabant,30,Ziekenhuisopname,0,67
2021-03-03,865,Vught,Noord-Brabant,30,Overleden,0,53
2021-03-03,866,Waalre,Noord-Brabant,30,Totaal,4,1016
2021-03-03,866,Waalre,Noord-Brabant,30,Ziekenhuisopname,0,14
2021-03-03,866,Waalre,Noord-Brabant,30,Overleden,1,11
2021-03-03,867,Waalwijk,Noord-Brabant,30,Totaal,7,3454
2021-03-03,867,Waalwijk,Noord-Brabant,30,Ziekenhuisopname,0,65
2021-03-03,867,Waalwijk,Noord-Brabant,30,Overleden,0,76
2021-03-03,873,Woensdrecht,Noord-Brabant,30,Totaal,9,1261
2021-03-03,873,Woensdrecht,Noord-Brabant,30,Ziekenhuisopname,0,18
2021-03-03,873,Woensdrecht,Noord-Brabant,30,Overleden,0,24
2021-03-03,879,Zundert,Noord-Brabant,30,Totaal,5,1135
2021-03-03,879,Zundert,Noord-Brabant,30,Ziekenhuisopname,0,33
2021-03-03,879,Zundert,Noord-Brabant,30,Overleden,0,17
2021-03-03,880,Wormerland,Noord-Holland,27,Totaal,8,1036
2021-03-03,880,Wormerland,Noord-Holland,27,Ziekenhuisopname,0,33
2021-03-03,880,Wormerland,Noord-Holland,27,Overleden,0,32
2021-03-03,882,Landgraaf,Limburg,31,Totaal,6,2457
2021-03-03,882,Landgraaf,Limburg,31,Ziekenhuisopname,1,83
2021-03-03,882,Landgraaf,Limburg,31,Overleden,0,59
2021-03-03,888,Beek,Limburg,31,Totaal,1,879
2021-03-03,888,Beek,Limburg,31,Ziekenhuisopname,0,25
2021-03-03,888,Beek,Limburg,31,Overleden,0,12
2021-03-03,889,Beesel,Limburg,31,Totaal,3,798
2021-03-03,889,Beesel,Limburg,31,Ziekenhuisopname,0,25
2021-03-03,889,Beesel,Limburg,31,Overleden,0,11
2021-03-03,893,Bergen (L.),Limburg,31,Totaal,1,1159
2021-03-03,893,Bergen (L.),Limburg,31,Ziekenhuisopname,0,17
2021-03-03,893,Bergen (L.),Limburg,31,Overleden,0,10
2021-03-03,899,Brunssum,Limburg,31,Totaal,4,1616
2021-03-03,899,Brunssum,Limburg,31,Ziekenhuisopname,0,72
2021-03-03,899,Brunssum,Limburg,31,Overleden,0,45
2021-03-03,907,Gennep,Limburg,31,Totaal,5,1295
2021-03-03,907,Gennep,Limburg,31,Ziekenhuisopname,0,27
2021-03-03,907,Gennep,Limburg,31,Overleden,0,18
2021-03-03,917,Heerlen,Limburg,31,Totaal,20,4729
2021-03-03,917,Heerlen,Limburg,31,Ziekenhuisopname,0,194
2021-03-03,917,Heerlen,Limburg,31,Overleden,0,116
2021-03-03,928,Kerkrade,Limburg,31,Totaal,6,2604
2021-03-03,928,Kerkrade,Limburg,31,Ziekenhuisopname,0,114
2021-03-03,928,Kerkrade,Limburg,31,Overleden,0,92
2021-03-03,935,Maastricht,Limburg,31,Totaal,25,6423
2021-03-03,935,Maastricht,Limburg,31,Ziekenhuisopname,1,260
2021-03-03,935,Maastricht,Limburg,31,Overleden,1,187
2021-03-03,938,Meerssen,Limburg,31,Totaal,2,946
2021-03-03,938,Meerssen,Limburg,31,Ziekenhuisopname,1,31
2021-03-03,938,Meerssen,Limburg,31,Overleden,0,22
2021-03-03,944,Mook en Middelaar,Limburg,31,Totaal,0,459
2021-03-03,944,Mook en Middelaar,Limburg,31,Ziekenhuisopname,0,11
2021-03-03,944,Mook en Middelaar,Limburg,31,Overleden,0,11
2021-03-03,946,Nederweert,Limburg,31,Totaal,9,1641
2021-03-03,946,Nederweert,Limburg,31,Ziekenhuisopname,0,41
2021-03-03,946,Nederweert,Limburg,31,Overleden,0,17
2021-03-03,957,Roermond,Limburg,31,Totaal,18,3685
2021-03-03,957,Roermond,Limburg,31,Ziekenhuisopname,0,77
2021-03-03,957,Roermond,Limburg,31,Overleden,0,40
2021-03-03,965,Simpelveld,Limburg,31,Totaal,2,626
2021-03-03,965,Simpelveld,Limburg,31,Ziekenhuisopname,0,26
2021-03-03,965,Simpelveld,Limburg,31,Overleden,0,7
2021-03-03,971,Stein,Limburg,31,Totaal,7,1418
2021-03-03,971,Stein,Limburg,31,Ziekenhuisopname,0,65
2021-03-03,971,Stein,Limburg,31,Overleden,0,21
2021-03-03,981,Vaals,Limburg,31,Totaal,3,471
2021-03-03,981,Vaals,Limburg,31,Ziekenhuisopname,0,18
2021-03-03,981,Vaals,Limburg,31,Overleden,0,13
2021-03-03,983,Venlo,Limburg,31,Totaal,33,7625
2021-03-03,983,Venlo,Limburg,31,Ziekenhuisopname,0,182
2021-03-03,983,Venlo,Limburg,31,Overleden,0,138
2021-03-03,984,Venray,Limburg,31,Totaal,9,4049
2021-03-03,984,Venray,Limburg,31,Ziekenhuisopname,0,58
2021-03-03,984,Venray,Limburg,31,Overleden,0,42
2021-03-03,986,Voerendaal,Limburg,31,Totaal,1,663
2021-03-03,986,Voerendaal,Limburg,31,Ziekenhuisopname,0,21
2021-03-03,986,Voerendaal,Limburg,31,Overleden,0,10
2021-03-03,988,Weert,Limburg,31,Totaal,8,4556
2021-03-03,988,Weert,Limburg,31,Ziekenhuisopname,0,103
2021-03-03,988,Weert,Limburg,31,Overleden,0,66
2021-03-03,994,Valkenburg aan de Geul,Limburg,31,Totaal,2,839
2021-03-03,994,Valkenburg aan de Geul,Limburg,31,Ziekenhuisopname,0,30
2021-03-03,994,Valkenburg aan de Geul,Limburg,31,Overleden,0,18
2021-03-03,995,Lelystad,Flevoland,24,Totaal,14,3982
2021-03-03,995,Lelystad,Flevoland,24,Ziekenhuisopname,1,119
2021-03-03,995,Lelystad,Flevoland,24,Overleden,0,58
2021-03-03,1507,Horst aan de Maas,Limburg,31,Totaal,20,3693
2021-03-03,1507,Horst aan de Maas,Limburg,31,Ziekenhuisopname,0,54
2021-03-03,1507,Horst aan de Maas,Limburg,31,Overleden,0,59
2021-03-03,1509,Oude IJsselstreek,Gelderland,25,Totaal,12,2410
2021-03-03,1509,Oude IJsselstreek,Gelderland,25,Ziekenhuisopname,0,36
2021-03-03,1509,Oude IJsselstreek,Gelderland,25,Overleden,0,41
2021-03-03,1525,Teylingen,Zuid-Holland,28,Totaal,14,2612
2021-03-03,1525,Teylingen,Zuid-Holland,28,Ziekenhuisopname,0,33
2021-03-03,1525,Teylingen,Zuid-Holland,28,Overleden,0,22
2021-03-03,1581,Utrechtse Heuvelrug,Utrecht,26,Totaal,5,2970
2021-03-03,1581,Utrechtse Heuvelrug,Utrecht,26,Ziekenhuisopname,0,64
2021-03-03,1581,Utrechtse Heuvelrug,Utrecht,26,Overleden,2,65
2021-03-03,1586,Oost Gelre,Gelderland,25,Totaal,4,1940
2021-03-03,1586,Oost Gelre,Gelderland,25,Ziekenhuisopname,1,28
2021-03-03,1586,Oost Gelre,Gelderland,25,Overleden,1,38
2021-03-03,1598,Koggenland,Noord-Holland,27,Totaal,19,1749
2021-03-03,1598,Koggenland,Noord-Holland,27,Ziekenhuisopname,0,18
2021-03-03,1598,Koggenland,Noord-Holland,27,Overleden,0,20
2021-03-03,1621,Lansingerland,Zuid-Holland,28,Totaal,13,4455
2021-03-03,1621,Lansingerland,Zuid-Holland,28,Ziekenhuisopname,0,81
2021-03-03,1621,Lansingerland,Zuid-Holland,28,Overleden,1,60
2021-03-03,1640,Leudal,Limburg,31,Totaal,15,2624
2021-03-03,1640,Leudal,Limburg,31,Ziekenhuisopname,0,65
2021-03-03,1640,Leudal,Limburg,31,Overleden,0,46
2021-03-03,1641,Maasgouw,Limburg,31,Totaal,13,1649
2021-03-03,1641,Maasgouw,Limburg,31,Ziekenhuisopname,1,37
2021-03-03,1641,Maasgouw,Limburg,31,Overleden,0,23
2021-03-03,1652,Gemert-Bakel,Noord-Brabant,30,Totaal,6,1802
2021-03-03,1652,Gemert-Bakel,Noord-Brabant,30,Ziekenhuisopname,0,90
2021-03-03,1652,Gemert-Bakel,Noord-Brabant,30,Overleden,0,37
2021-03-03,1655,Halderberge,Noord-Brabant,30,Totaal,13,1958
2021-03-03,1655,Halderberge,Noord-Brabant,30,Ziekenhuisopname,0,47
2021-03-03,1655,Halderberge,Noord-Brabant,30,Overleden,0,25
2021-03-03,1658,Heeze-Leende,Noord-Brabant,30,Totaal,2,1107
2021-03-03,1658,Heeze-Leende,Noord-Brabant,30,Ziekenhuisopname,0,21
2021-03-03,1658,Heeze-Leende,Noord-Brabant,30,Overleden,0,13
2021-03-03,1659,Laarbeek,Noord-Brabant,30,Totaal,5,1633
2021-03-03,1659,Laarbeek,Noord-Brabant,30,Ziekenhuisopname,0,54
2021-03-03,1659,Laarbeek,Noord-Brabant,30,Overleden,0,35
2021-03-03,1667,Reusel-De Mierden,Noord-Brabant,30,Totaal,10,1140
2021-03-03,1667,Reusel-De Mierden,Noord-Brabant,30,Ziekenhuisopname,0,22
2021-03-03,1667,Reusel-De Mierden,Noord-Brabant,30,Overleden,0,8
2021-03-03,1669,Roerdalen,Limburg,31,Totaal,1,1207
2021-03-03,1669,Roerdalen,Limburg,31,Ziekenhuisopname,0,36
2021-03-03,1669,Roerdalen,Limburg,31,Overleden,0,27
2021-03-03,1674,Roosendaal,Noord-Brabant,30,Totaal,10,5269
2021-03-03,1674,Roosendaal,Noord-Brabant,30,Ziekenhuisopname,2,92
2021-03-03,1674,Roosendaal,Noord-Brabant,30,Overleden,0,67
2021-03-03,1676,Schouwen-Duiveland,Zeeland,29,Totaal,6,1150
2021-03-03,1676,Schouwen-Duiveland,Zeeland,29,Ziekenhuisopname,0,30
2021-03-03,1676,Schouwen-Duiveland,Zeeland,29,Overleden,0,21
2021-03-03,1680,Aa en Hunze,Drenthe,22,Totaal,1,970
2021-03-03,1680,Aa en Hunze,Drenthe,22,Ziekenhuisopname,0,5
2021-03-03,1680,Aa en Hunze,Drenthe,22,Overleden,5,20
2021-03-03,1681,Borger-Odoorn,Drenthe,22,Totaal,6,1045
2021-03-03,1681,Borger-Odoorn,Drenthe,22,Ziekenhuisopname,0,20
2021-03-03,1681,Borger-Odoorn,Drenthe,22,Overleden,0,13
2021-03-03,1684,Cuijk,Noord-Brabant,30,Totaal,8,1678
2021-03-03,1684,Cuijk,Noord-Brabant,30,Ziekenhuisopname,2,31
2021-03-03,1684,Cuijk,Noord-Brabant,30,Overleden,0,20
2021-03-03,1685,Landerd,Noord-Brabant,30,Totaal,14,1272
2021-03-03,1685,Landerd,Noord-Brabant,30,Ziekenhuisopname,0,47
2021-03-03,1685,Landerd,Noord-Brabant,30,Overleden,0,26
2021-03-03,1690,De Wolden,Drenthe,22,Totaal,9,1215
2021-03-03,1690,De Wolden,Drenthe,22,Ziekenhuisopname,0,24
2021-03-03,1690,De Wolden,Drenthe,22,Overleden,0,20
2021-03-03,1695,Noord-Beveland,Zeeland,29,Totaal,1,302
2021-03-03,1695,Noord-Beveland,Zeeland,29,Ziekenhuisopname,0,9
2021-03-03,1695,Noord-Beveland,Zeeland,29,Overleden,0,5
2021-03-03,1696,Wijdemeren,Noord-Holland,27,Totaal,5,1363
2021-03-03,1696,Wijdemeren,Noord-Holland,27,Ziekenhuisopname,0,21
2021-03-03,1696,Wijdemeren,Noord-Holland,27,Overleden,0,15
2021-03-03,1699,Noordenveld,Drenthe,22,Totaal,5,1004
2021-03-03,1699,Noordenveld,Drenthe,22,Ziekenhuisopname,0,18
2021-03-03,1699,Noordenveld,Drenthe,22,Overleden,1,24
2021-03-03,1700,Twenterand,Overijssel,23,Totaal,5,3215
2021-03-03,1700,Twenterand,Overijssel,23,Ziekenhuisopname,0,36
2021-03-03,1700,Twenterand,Overijssel,23,Overleden,0,28
2021-03-03,1701,Westerveld,Drenthe,22,Totaal,2,601
2021-03-03,1701,Westerveld,Drenthe,22,Ziekenhuisopname,0,12
2021-03-03,1701,Westerveld,Drenthe,22,Overleden,0,17
2021-03-03,1702,Sint Anthonis,Noord-Brabant,30,Totaal,2,816
2021-03-03,1702,Sint Anthonis,Noord-Brabant,30,Ziekenhuisopname,0,22
2021-03-03,1702,Sint Anthonis,Noord-Brabant,30,Overleden,0,11
2021-03-03,1705,Lingewaard,Gelderland,25,Totaal,5,2527
2021-03-03,1705,Lingewaard,Gelderland,25,Ziekenhuisopname,0,56
2021-03-03,1705,Lingewaard,Gelderland,25,Overleden,0,26
2021-03-03,1706,Cranendonck,Noord-Brabant,30,Totaal,1,1803
2021-03-03,1706,Cranendonck,Noord-Brabant,30,Ziekenhuisopname,0,73
2021-03-03,1706,Cranendonck,Noord-Brabant,30,Overleden,0,49
2021-03-03,1708,Steenwijkerland,Overijssel,23,Totaal,5,1789
2021-03-03,1708,Steenwijkerland,Overijssel,23,Ziekenhuisopname,0,21
2021-03-03,1708,Steenwijkerland,Overijssel,23,Overleden,0,18
2021-03-03,1709,Moerdijk,Noord-Brabant,30,Totaal,11,2175
2021-03-03,1709,Moerdijk,Noord-Brabant,30,Ziekenhuisopname,0,39
2021-03-03,1709,Moerdijk,Noord-Brabant,30,Overleden,0,36
2021-03-03,1711,Echt-Susteren,Limburg,31,Totaal,2,1935
2021-03-03,1711,Echt-Susteren,Limburg,31,Ziekenhuisopname,0,56
2021-03-03,1711,Echt-Susteren,Limburg,31,Overleden,0,30
2021-03-03,1714,Sluis,Zeeland,29,Totaal,2,1054
2021-03-03,1714,Sluis,Zeeland,29,Ziekenhuisopname,0,38
2021-03-03,1714,Sluis,Zeeland,29,Overleden,0,18
2021-03-03,1719,Drimmelen,Noord-Brabant,30,Totaal,3,1542
2021-03-03,1719,Drimmelen,Noord-Brabant,30,Ziekenhuisopname,0,38
2021-03-03,1719,Drimmelen,Noord-Brabant,30,Overleden,0,25
2021-03-03,1721,Bernheze,Noord-Brabant,30,Totaal,17,2382
2021-03-03,1721,Bernheze,Noord-Brabant,30,Ziekenhuisopname,0,105
2021-03-03,1721,Bernheze,Noord-Brabant,30,Overleden,0,73
2021-03-03,1723,Alphen-Chaam,Noord-Brabant,30,Totaal,0,548
2021-03-03,1723,Alphen-Chaam,Noord-Brabant,30,Ziekenhuisopname,0,23
2021-03-03,1723,Alphen-Chaam,Noord-Brabant,30,Overleden,0,5
2021-03-03,1724,Bergeijk,Noord-Brabant,30,Totaal,1,1651
2021-03-03,1724,Bergeijk,Noord-Brabant,30,Ziekenhuisopname,0,28
2021-03-03,1724,Bergeijk,Noord-Brabant,30,Overleden,0,8
2021-03-03,1728,Bladel,Noord-Brabant,30,Totaal,8,2019
2021-03-03,1728,Bladel,Noord-Brabant,30,Ziekenhuisopname,0,34
2021-03-03,1728,Bladel,Noord-Brabant,30,Overleden,0,24
2021-03-03,1729,Gulpen-Wittem,Limburg,31,Totaal,1,833
2021-03-03,1729,Gulpen-Wittem,Limburg,31,Ziekenhuisopname,0,30
2021-03-03,1729,Gulpen-Wittem,Limburg,31,Overleden,0,19
2021-03-03,1730,Tynaarlo,Drenthe,22,Totaal,4,1029
2021-03-03,1730,Tynaarlo,Drenthe,22,Ziekenhuisopname,0,15
2021-03-03,1730,Tynaarlo,Drenthe,22,Overleden,0,20
2021-03-03,1731,Midden-Drenthe,Drenthe,22,Totaal,14,1403
2021-03-03,1731,Midden-Drenthe,Drenthe,22,Ziekenhuisopname,0,27
2021-03-03,1731,Midden-Drenthe,Drenthe,22,Overleden,0,23
2021-03-03,1734,Overbetuwe,Gelderland,25,Totaal,2,2274
2021-03-03,1734,Overbetuwe,Gelderland,25,Ziekenhuisopname,0,70
2021-03-03,1734,Overbetuwe,Gelderland,25,Overleden,0,29
2021-03-03,1735,Hof van Twente,Overijssel,23,Totaal,3,2555
2021-03-03,1735,Hof van Twente,Overijssel,23,Ziekenhuisopname,0,30
2021-03-03,1735,Hof van Twente,Overijssel,23,Overleden,0,27
2021-03-03,1740,Neder-Betuwe,Gelderland,25,Totaal,11,1955
2021-03-03,1740,Neder-Betuwe,Gelderland,25,Ziekenhuisopname,1,58
2021-03-03,1740,Neder-Betuwe,Gelderland,25,Overleden,0,32
2021-03-03,1742,Rijssen-Holten,Overijssel,23,Totaal,9,3507
2021-03-03,1742,Rijssen-Holten,Overijssel,23,Ziekenhuisopname,0,48
2021-03-03,1742,Rijssen-Holten,Overijssel,23,Overleden,0,46
2021-03-03,1771,Geldrop-Mierlo,Noord-Brabant,30,Totaal,10,2831
2021-03-03,1771,Geldrop-Mierlo,Noord-Brabant,30,Ziekenhuisopname,0,68
2021-03-03,1771,Geldrop-Mierlo,Noord-Brabant,30,Overleden,0,24
2021-03-03,1773,Olst-Wijhe,Overijssel,23,Totaal,9,809
2021-03-03,1773,Olst-Wijhe,Overijssel,23,Ziekenhuisopname,0,16
2021-03-03,1773,Olst-Wijhe,Overijssel,23,Overleden,0,9
2021-03-03,1774,Dinkelland,Overijssel,23,Totaal,2,2330
2021-03-03,1774,Dinkelland,Overijssel,23,Ziekenhuisopname,0,34
2021-03-03,1774,Dinkelland,Overijssel,23,Overleden,0,34
2021-03-03,1783,Westland,Zuid-Holland,28,Totaal,35,8945
2021-03-03,1783,Westland,Zuid-Holland,28,Ziekenhuisopname,1,158
2021-03-03,1783,Westland,Zuid-Holland,28,Overleden,0,83
2021-03-03,1842,Midden-Delfland,Zuid-Holland,28,Totaal,6,1317
2021-03-03,1842,Midden-Delfland,Zuid-Holland,28,Ziekenhuisopname,0,16
2021-03-03,1842,Midden-Delfland,Zuid-Holland,28,Overleden,0,13
2021-03-03,1859,Berkelland,Gelderland,25,Totaal,3,2677
2021-03-03,1859,Berkelland,Gelderland,25,Ziekenhuisopname,0,35
2021-03-03,1859,Berkelland,Gelderland,25,Overleden,0,41
2021-03-03,1876,Bronckhorst,Gelderland,25,Totaal,4,2027
2021-03-03,1876,Bronckhorst,Gelderland,25,Ziekenhuisopname,1,29
2021-03-03,1876,Bronckhorst,Gelderland,25,Overleden,0,16
2021-03-03,1883,Sittard-Geleen,Limburg,31,Totaal,14,4984
2021-03-03,1883,Sittard-Geleen,Limburg,31,Ziekenhuisopname,0,177
2021-03-03,1883,Sittard-Geleen,Limburg,31,Overleden,0,118
2021-03-03,1884,Kaag en Braassem,Zuid-Holland,28,Totaal,9,1593
2021-03-03,1884,Kaag en Braassem,Zuid-Holland,28,Ziekenhuisopname,0,19
2021-03-03,1884,Kaag en Braassem,Zuid-Holland,28,Overleden,0,9
2021-03-03,1891,Dantumadiel,Friesland,21,Totaal,2,979
2021-03-03,1891,Dantumadiel,Friesland,21,Ziekenhuisopname,0,8
2021-03-03,1891,Dantumadiel,Friesland,21,Overleden,0,14
2021-03-03,1892,Zuidplas,Zuid-Holland,28,Totaal,13,3149
2021-03-03,1892,Zuidplas,Zuid-Holland,28,Ziekenhuisopname,0,93
2021-03-03,1892,Zuidplas,Zuid-Holland,28,Overleden,0,44
2021-03-03,1894,Peel en Maas,Limburg,31,Totaal,33,2873
2021-03-03,1894,Peel en Maas,Limburg,31,Ziekenhuisopname,0,155
2021-03-03,1894,Peel en Maas,Limburg,31,Overleden,0,74
2021-03-03,1895,Oldambt,Groningen,20,Totaal,19,1892
2021-03-03,1895,Oldambt,Groningen,20,Ziekenhuisopname,3,33
2021-03-03,1895,Oldambt,Groningen,20,Overleden,1,30
2021-03-03,1896,Zwartewaterland,Overijssel,23,Totaal,18,1396
2021-03-03,1896,Zwartewaterland,Overijssel,23,Ziekenhuisopname,0,44
2021-03-03,1896,Zwartewaterland,Overijssel,23,Overleden,0,25
2021-03-03,1900,Súdwest-Fryslân,Friesland,21,Totaal,21,5003
2021-03-03,1900,Súdwest-Fryslân,Friesland,21,Ziekenhuisopname,0,47
2021-03-03,1900,Súdwest-Fryslân,Friesland,21,Overleden,1,77
2021-03-03,1901,Bodegraven-Reeuwijk,Zuid-Holland,28,Totaal,25,2806
2021-03-03,1901,Bodegraven-Reeuwijk,Zuid-Holland,28,Ziekenhuisopname,0,59
2021-03-03,1901,Bodegraven-Reeuwijk,Zuid-Holland,28,Overleden,0,34
2021-03-03,1903,Eijsden-Margraten,Limburg,31,Totaal,5,1515
2021-03-03,1903,Eijsden-Margraten,Limburg,31,Ziekenhuisopname,0,68
2021-03-03,1903,Eijsden-Margraten,Limburg,31,Overleden,0,43
2021-03-03,1904,Stichtse Vecht,Utrecht,26,Totaal,11,3929
2021-03-03,1904,Stichtse Vecht,Utrecht,26,Ziekenhuisopname,0,99
2021-03-03,1904,Stichtse Vecht,Utrecht,26,Overleden,1,61
2021-03-03,1911,Hollands Kroon,Noord-Holland,27,Totaal,32,2918
2021-03-03,1911,Hollands Kroon,Noord-Holland,27,Ziekenhuisopname,0,40
2021-03-03,1911,Hollands Kroon,Noord-Holland,27,Overleden,0,28
2021-03-03,1916,Leidschendam-Voorburg,Zuid-Holland,28,Totaal,11,4411
2021-03-03,1916,Leidschendam-Voorburg,Zuid-Holland,28,Ziekenhuisopname,1,115
2021-03-03,1916,Leidschendam-Voorburg,Zuid-Holland,28,Overleden,0,78
2021-03-03,1924,Goeree-Overflakkee,Zuid-Holland,28,Totaal,15,2939
2021-03-03,1924,Goeree-Overflakkee,Zuid-Holland,28,Ziekenhuisopname,0,112
2021-03-03,1924,Goeree-Overflakkee,Zuid-Holland,28,Overleden,0,72
2021-03-03,1926,Pijnacker-Nootdorp,Zuid-Holland,28,Totaal,14,3635
2021-03-03,1926,Pijnacker-Nootdorp,Zuid-Holland,28,Ziekenhuisopname,0,52
2021-03-03,1926,Pijnacker-Nootdorp,Zuid-Holland,28,Overleden,0,32
2021-03-03,1930,Nissewaard,Zuid-Holland,28,Totaal,17,5439
2021-03-03,1930,Nissewaard,Zuid-Holland,28,Ziekenhuisopname,1,132
2021-03-03,1930,Nissewaard,Zuid-Holland,28,Overleden,0,90
2021-03-03,1931,Krimpenerwaard,Zuid-Holland,28,Totaal,24,4199
2021-03-03,1931,Krimpenerwaard,Zuid-Holland,28,Ziekenhuisopname,0,111
2021-03-03,1931,Krimpenerwaard,Zuid-Holland,28,Overleden,0,61
2021-03-03,1940,De Fryske Marren,Friesland,21,Totaal,16,2023
2021-03-03,1940,De Fryske Marren,Friesland,21,Ziekenhuisopname,0,39
2021-03-03,1940,De Fryske Marren,Friesland,21,Overleden,0,29
2021-03-03,1942,Gooise Meren,Noord-Holland,27,Totaal,30,3383
2021-03-03,1942,Gooise Meren,Noord-Holland,27,Ziekenhuisopname,0,50
2021-03-03,1942,Gooise Meren,Noord-Holland,27,Overleden,0,30
2021-03-03,1945,Berg en Dal,Gelderland,25,Totaal,5,2100
2021-03-03,1945,Berg en Dal,Gelderland,25,Ziekenhuisopname,0,49
2021-03-03,1945,Berg en Dal,Gelderland,25,Overleden,0,45
2021-03-03,1948,Meierijstad,Noord-Brabant,30,Totaal,43,5350
2021-03-03,1948,Meierijstad,Noord-Brabant,30,Ziekenhuisopname,0,246
2021-03-03,1948,Meierijstad,Noord-Brabant,30,Overleden,0,162
2021-03-03,1949,Waadhoeke,Friesland,21,Totaal,11,1710
2021-03-03,1949,Waadhoeke,Friesland,21,Ziekenhuisopname,0,23
2021-03-03,1949,Waadhoeke,Friesland,21,Overleden,0,32
2021-03-03,1950,Westerwolde,Groningen,20,Totaal,5,1660
2021-03-03,1950,Westerwolde,Groningen,20,Ziekenhuisopname,0,32
2021-03-03,1950,Westerwolde,Groningen,20,Overleden,0,20
2021-03-03,1952,Midden-Groningen,Groningen,20,Totaal,15,2520
2021-03-03,1952,Midden-Groningen,Groningen,20,Ziekenhuisopname,0,41
2021-03-03,1952,Midden-Groningen,Groningen,20,Overleden,0,33
2021-03-03,1954,Beekdaelen,Limburg,31,Totaal,10,2023
2021-03-03,1954,Beekdaelen,Limburg,31,Ziekenhuisopname,0,75
2021-03-03,1954,Beekdaelen,Limburg,31,Overleden,0,42
2021-03-03,1955,Montferland,Gelderland,25,Totaal,15,1888
2021-03-03,1955,Montferland,Gelderland,25,Ziekenhuisopname,1,34
2021-03-03,1955,Montferland,Gelderland,25,Overleden,1,22
2021-03-03,1959,Altena,Noord-Brabant,30,Totaal,13,4988
2021-03-03,1959,Altena,Noord-Brabant,30,Ziekenhuisopname,0,80
2021-03-03,1959,Altena,Noord-Brabant,30,Overleden,0,65
2021-03-03,1960,West Betuwe,Gelderland,25,Totaal,16,3891
2021-03-03,1960,West Betuwe,Gelderland,25,Ziekenhuisopname,0,77
2021-03-03,1960,West Betuwe,Gelderland,25,Overleden,0,55
2021-03-03,1961,Vijfheerenlanden,Utrecht,26,Totaal,10,4164
2021-03-03,1961,Vijfheerenlanden,Utrecht,26,Ziekenhuisopname,0,88
2021-03-03,1961,Vijfheerenlanden,Utrecht,26,Overleden,0,61
2021-03-03,1963,Hoeksche Waard,Zuid-Holland,28,Totaal,28,5094
2021-03-03,1963,Hoeksche Waard,Zuid-Holland,28,Ziekenhuisopname,1,120
2021-03-03,1963,Hoeksche Waard,Zuid-Holland,28,Overleden,0,53
2021-03-03,1966,Het Hogeland,Groningen,20,Totaal,10,2314
2021-03-03,1966,Het Hogeland,Groningen,20,Ziekenhuisopname,0,22
2021-03-03,1966,Het Hogeland,Groningen,20,Overleden,0,20
2021-03-03,1969,Westerkwartier,Groningen,20,Totaal,13,2095
2021-03-03,1969,Westerkwartier,Groningen,20,Ziekenhuisopname,0,33
2021-03-03,1969,Westerkwartier,Groningen,20,Overleden,0,23
2021-03-03,1970,Noardeast-Fryslân,Friesland,21,Totaal,6,1918
2021-03-03,1970,Noardeast-Fryslân,Friesland,21,Ziekenhuisopname,0,31
2021-03-03,1970,Noardeast-Fryslân,Friesland,21,Overleden,2,32
2021-03-03,1978,Molenlanden,Zuid-Holland,28,Totaal,21,3489
2021-03-03,1978,Molenlanden,Zuid-Holland,28,Ziekenhuisopname,0,41
2021-03-03,1978,Molenlanden,Zuid-Holland,28,Overleden,0,27
