Datum,icCount,newIntake,intakeCount,intakeCumulative,survivedCumulative,diedCumulative,newSuspected,dischargedTotal
2020-02-27,9,1,13,13,0,0,0,0
2020-02-28,10,0,14,14,0,0,1,0
2020-02-29,10,1,15,15,0,0,0,0
2020-03-01,11,2,17,17,0,0,0,1
2020-03-02,10,0,16,17,0,0,0,1
2020-03-03,10,2,18,19,0,0,0,1
2020-03-04,12,3,21,22,2,0,0,1
2020-03-05,14,1,21,24,2,0,1,1
2020-03-06,17,4,24,28,2,0,0,2
2020-03-07,17,3,26,31,3,0,0,1
2020-03-08,21,5,32,36,3,2,0,1
2020-03-09,22,6,38,44,3,2,2,1
2020-03-10,24,9,46,54,3,2,1,2
2020-03-11,26,10,54,64,3,4,0,2
2020-03-12,32,23,74,87,3,5,0,2
2020-03-13,35,14,85,101,4,5,0,2
2020-03-14,44,20,103,121,7,5,0,5
2020-03-15,51,28,127,150,7,7,1,6
2020-03-16,57,33,157,183,8,12,0,6
2020-03-17,60,35,185,218,8,14,0,9
2020-03-18,65,56,236,274,12,17,0,10
2020-03-19,70,66,296,342,12,25,2,12
2020-03-20,71,82,367,425,14,30,1,17
2020-03-21,70,81,437,509,16,41,3,27
2020-03-22,71,74,488,584,18,47,1,30
2020-03-23,71,97,578,685,21,64,3,42
2020-03-24,73,112,658,798,25,74,1,47
2020-03-25,74,120,759,919,31,85,2,54
2020-03-26,74,111,846,1034,41,103,4,57
2020-03-27,74,114,930,1151,47,117,1,74
2020-03-28,74,102,994,1255,51,135,2,90
2020-03-29,74,91,1042,1348,61,160,2,103
2020-03-30,74,127,1126,1477,69,180,2,122
2020-03-31,74,112,1192,1590,86,214,1,131
2020-04-01,75,75,1209,1666,104,238,2,142
2020-04-02,75,95,1251,1764,119,260,3,153
2020-04-03,75,77,1279,1841,140,292,0,160
2020-04-04,74,64,1286,1908,154,311,3,176
2020-04-05,75,75,1313,1987,163,335,3,196
2020-04-06,75,61,1320,2049,186,355,1,210
2020-04-07,76,60,1322,2111,210,383,2,240
2020-04-08,76,58,1291,2169,235,400,0,252
2020-04-09,76,51,1286,2221,262,412,1,258
2020-04-10,75,49,1294,2272,289,440,1,265
2020-04-11,75,28,1261,2302,310,455,2,284
2020-04-12,75,33,1242,2336,328,470,1,312
2020-04-13,75,45,1226,2381,343,491,1,336
2020-04-14,76,35,1204,2418,394,502,2,329
2020-04-15,76,24,1179,2443,448,518,1,328
2020-04-16,76,28,1146,2473,499,536,2,312
2020-04-17,77,25,1116,2499,547,554,1,310
2020-04-18,76,19,1071,2518,570,565,0,327
2020-04-19,76,20,1041,2538,576,584,1,350
2020-04-20,76,26,1021,2565,629,603,1,337
2020-04-21,76,23,985,2588,682,623,0,336
2020-04-22,77,15,927,2603,728,640,0,332
2020-04-23,77,16,885,2619,775,652,0,310
2020-04-24,76,18,868,2638,840,663,1,276
2020-04-25,76,14,837,2652,856,679,0,285
2020-04-26,76,13,809,2665,866,688,0,298
2020-04-27,76,14,788,2679,875,699,0,315
2020-04-28,76,14,767,2695,926,705,1,299
2020-04-29,76,12,739,2707,963,711,0,298
2020-04-30,76,17,716,2726,1005,724,2,284
2020-05-01,76,9,681,2735,1044,726,0,288
2020-05-02,76,9,643,2746,1059,735,2,288
2020-05-03,76,11,629,2757,1066,740,0,303
2020-05-04,76,11,619,2769,1109,746,2,297
2020-05-05,76,3,577,2772,1124,751,0,310
2020-05-06,73,6,550,2778,1161,757,0,301
2020-05-07,72,9,528,2788,1201,765,1,294
2020-05-08,72,7,497,2796,1239,769,1,279
2020-05-09,72,5,475,2801,1247,774,0,288
2020-05-10,72,4,457,2806,1250,775,1,297
2020-05-11,73,7,451,2814,1291,782,1,292
2020-05-12,71,2,409,2816,1333,785,0,269
2020-05-13,71,3,392,2820,1368,790,1,267
2020-05-14,71,8,366,2829,1395,794,1,253
2020-05-15,71,3,350,2833,1430,801,1,232
2020-05-16,70,7,335,2841,1439,803,1,232
2020-05-17,70,4,328,2845,1443,804,0,236
2020-05-18,70,4,323,2849,1476,804,0,238
2020-05-19,67,1,290,2851,1508,806,1,217
2020-05-20,66,3,280,2854,1538,812,0,203
2020-05-21,66,2,259,2856,1543,816,0,209
2020-05-22,65,4,248,2860,1576,819,0,192
2020-05-23,64,4,233,2864,1579,820,0,196
2020-05-24,64,7,232,2871,1579,821,0,206
2020-05-25,64,1,222,2872,1602,822,0,210
2020-05-26,65,4,199,2876,1623,826,0,201
2020-05-27,61,3,185,2880,1646,827,1,186
2020-05-28,60,1,177,2881,1677,829,0,166
2020-05-29,59,1,167,2884,1698,832,2,153
2020-05-30,58,3,158,2887,1705,832,0,147
2020-05-31,58,3,160,2890,1705,832,0,154
2020-06-01,59,5,158,2895,1705,835,0,157
2020-06-02,59,1,153,2896,1729,835,0,151
2020-06-03,56,5,140,2901,1750,840,0,134
2020-06-04,57,5,138,2907,1770,843,1,117
2020-06-05,55,3,135,2910,1781,843,0,109
2020-06-06,55,2,133,2912,1783,844,0,110
2020-06-07,55,3,132,2915,1785,844,0,110
2020-06-08,55,0,130,2915,1802,844,0,102
2020-06-09,54,2,123,2917,1815,845,0,94
2020-06-10,53,2,119,2919,1827,846,0,85
2020-06-11,53,1,115,2920,1839,846,0,78
2020-06-12,51,3,112,2923,1849,847,0,72
2020-06-13,50,2,110,2925,1849,848,0,72
2020-06-14,49,0,109,2925,1851,850,0,70
2020-06-15,49,1,108,2926,1869,851,0,62
2020-06-16,48,2,99,2928,1874,854,0,62
2020-06-17,46,0,90,2928,1881,856,0,60
2020-06-18,45,1,83,2929,1888,857,0,61
2020-06-19,45,0,76,2929,1896,858,0,53
2020-06-20,45,2,76,2931,1897,859,0,56
2020-06-21,43,0,72,2931,1897,860,0,56
2020-06-22,45,3,74,2934,1901,861,0,59
2020-06-23,42,1,67,2935,1908,862,0,56
2020-06-24,41,1,63,2936,1914,863,0,51
2020-06-25,39,0,62,2937,1920,863,1,51
2020-06-26,36,0,56,2937,1924,864,0,51
2020-06-27,34,0,51,2937,1924,865,0,54
2020-06-28,33,0,47,2937,1924,865,0,54
2020-06-29,33,0,47,2937,1929,865,0,51
2020-06-30,33,2,47,2939,1936,865,0,47
2020-07-01,30,0,43,2939,1941,865,0,43
2020-07-02,33,2,45,2942,1945,866,1,41
2020-07-03,32,0,42,2942,1955,866,0,31
2020-07-04,32,1,43,2943,1955,866,0,33
2020-07-05,30,0,41,2943,1956,866,0,33
2020-07-06,29,0,40,2943,1961,867,0,30
2020-07-07,28,1,38,2944,1963,868,0,30
2020-07-08,28,2,35,2946,1968,868,0,26
2020-07-09,27,1,35,2947,1972,868,0,22
2020-07-10,27,1,36,2948,1972,868,0,23
2020-07-11,25,0,34,2948,1972,868,0,23
2020-07-12,25,1,35,2949,1974,869,0,22
2020-07-13,25,0,34,2949,1975,870,0,23
2020-07-14,25,0,31,2949,1976,870,0,23
2020-07-15,25,1,31,2950,1978,870,0,23
2020-07-16,25,1,30,2951,1983,870,0,18
2020-07-17,24,0,30,2951,1983,870,0,19
2020-07-18,24,0,29,2951,1983,870,0,19
2020-07-19,24,1,30,2952,1983,870,0,20
2020-07-20,25,0,30,2953,1988,871,1,16
2020-07-21,26,2,32,2955,1990,871,2,17
2020-07-22,25,1,32,2956,1994,872,0,15
2020-07-23,23,1,29,2957,1996,872,0,15
2020-07-24,21,1,27,2958,2000,872,0,15
2020-07-25,21,1,24,2959,2001,872,0,16
2020-07-26,22,3,25,2962,2001,872,0,16
2020-07-27,23,3,28,2965,2003,872,0,14
2020-07-28,23,0,28,2965,2004,872,0,13
2020-07-29,23,0,27,2965,2005,873,0,13
2020-07-30,24,3,29,2968,2007,873,0,11
2020-07-31,26,4,32,2972,2007,875,0,10
2020-08-01,26,2,33,2974,2008,875,0,10
2020-08-02,26,2,34,2976,2008,875,0,10
2020-08-03,26,3,37,2979,2008,875,0,11
2020-08-04,28,3,39,2982,2009,876,0,12
2020-08-05,27,2,38,2984,2012,876,0,9
2020-08-06,29,2,40,2986,2013,877,0,8
2020-08-07,29,1,40,2987,2014,877,0,7
2020-08-08,30,1,41,2988,2014,877,0,8
2020-08-09,34,5,46,2994,2015,879,1,11
2020-08-10,34,5,45,2998,2016,879,0,11
2020-08-11,34,3,48,3001,2017,880,1,13
2020-08-12,32,4,48,3005,2018,880,0,18
2020-08-13,32,4,45,3009,2018,880,0,19
2020-08-14,34,6,50,3015,2019,880,0,21
2020-08-15,34,1,48,3016,2019,881,0,23
2020-08-16,35,4,49,3020,2020,881,0,22
2020-08-17,38,7,58,3029,2023,883,2,23
2020-08-18,38,2,53,3031,2027,883,0,22
2020-08-19,37,3,52,3034,2033,883,0,20
2020-08-20,40,6,54,3040,2036,884,0,16
2020-08-21,40,5,57,3045,2039,885,0,16
2020-08-22,38,0,53,3045,2039,885,0,18
2020-08-23,40,5,55,3050,2040,885,0,18
2020-08-24,41,2,55,3052,2041,886,0,24
2020-08-25,36,3,50,3055,2042,886,0,25
2020-08-26,36,0,48,3055,2048,886,0,22
2020-08-27,35,2,48,3058,2052,886,1,22
2020-08-28,36,2,46,3060,2057,887,0,18
2020-08-29,35,3,46,3063,2058,887,0,17
2020-08-30,37,3,51,3066,2058,888,0,18
2020-08-31,36,1,50,3067,2061,890,0,18
2020-09-01,37,2,46,3069,2063,891,0,18
2020-09-02,36,1,44,3070,2065,891,0,18
2020-09-03,34,4,46,3074,2068,891,0,15
2020-09-04,36,4,50,3078,2069,892,0,18
2020-09-05,35,1,46,3079,2069,892,0,19
2020-09-06,36,4,50,3083,2069,892,0,20
2020-09-07,36,3,51,3086,2070,892,0,22
2020-09-08,33,3,50,3089,2070,893,0,25
2020-09-09,33,4,51,3093,2072,894,0,24
2020-09-10,33,5,54,3098,2074,895,0,22
2020-09-11,35,6,59,3104,2076,895,0,22
2020-09-12,37,6,63,3110,2077,895,0,23
2020-09-13,38,4,65,3114,2077,895,0,23
2020-09-14,40,10,76,3125,2080,896,1,24
2020-09-15,40,4,76,3129,2084,897,0,25
2020-09-16,41,1,71,3130,2085,898,0,27
2020-09-17,42,4,71,3134,2090,898,0,25
2020-09-18,41,7,75,3141,2092,898,0,25
2020-09-19,46,14,88,3155,2094,899,0,24
2020-09-20,47,13,99,3168,2094,900,0,27
2020-09-21,49,13,108,3181,2097,903,0,24
2020-09-22,52,10,115,3192,2100,903,0,25
2020-09-23,54,13,124,3205,2105,904,0,24
2020-09-24,57,11,131,3216,2107,905,0,25
2020-09-25,58,18,145,3234,2111,907,0,25
2020-09-26,60,13,150,3247,2112,908,0,30
2020-09-27,60,17,161,3265,2112,910,1,37
2020-09-28,61,15,168,3280,2116,912,0,44
2020-09-29,63,22,178,3303,2119,914,1,52
2020-09-30,63,15,181,3319,2122,917,2,56
2020-10-01,65,13,186,3332,2130,921,1,56
2020-10-02,64,14,186,3346,2133,921,0,62
2020-10-03,68,19,195,3365,2137,923,0,66
2020-10-04,68,22,207,3387,2141,928,0,69
2020-10-05,67,28,221,3415,2145,931,0,72
2020-10-06,69,34,243,3449,2157,933,0,75
2020-10-07,69,29,256,3479,2166,937,1,77
2020-10-08,69,22,261,3501,2173,940,0,78
2020-10-09,70,28,278,3529,2183,951,0,84
2020-10-10,70,27,278,3556,2193,954,0,83
2020-10-11,69,19,284,3575,2197,961,0,92
2020-10-12,69,41,307,3616,2207,965,0,92
2020-10-13,73,36,326,3652,2220,968,0,92
2020-10-14,73,35,345,3687,2227,974,0,98
2020-10-15,73,36,364,3725,2236,976,3,108
2020-10-16,74,56,402,3781,2257,988,0,108
2020-10-17,75,30,396,3811,2263,994,0,112
2020-10-18,75,41,418,3852,2268,999,0,123
2020-10-19,76,59,456,3912,2279,1004,1,131
2020-10-20,75,49,482,3962,2297,1012,1,133
2020-10-21,75,49,498,4011,2310,1022,0,140
2020-10-22,75,43,511,4054,2331,1030,0,149
2020-10-23,75,53,525,4107,2349,1049,0,145
2020-10-24,75,38,531,4146,2360,1056,1,161
2020-10-25,74,48,547,4194,2370,1072,0,168
2020-10-26,76,59,573,4253,2388,1078,0,184
2020-10-27,77,50,585,4303,2415,1090,0,177
2020-10-28,76,51,603,4354,2437,1096,0,187
2020-10-29,76,46,614,4401,2457,1105,1,189
2020-10-30,75,42,621,4443,2480,1117,0,193
2020-10-31,76,48,628,4491,2489,1134,0,200
2020-11-01,77,43,636,4534,2497,1145,0,216
2020-11-02,77,59,661,4594,2523,1154,0,220
2020-11-03,77,32,657,4627,2550,1165,1,217
2020-11-04,76,40,663,4667,2579,1178,0,213
2020-11-05,76,36,658,4703,2611,1194,0,203
2020-11-06,76,35,654,4738,2638,1210,0,208
2020-11-07,76,39,645,4777,2647,1222,0,223
2020-11-08,76,44,650,4821,2658,1233,0,241
2020-11-09,77,41,651,4862,2692,1246,0,229
2020-11-10,77,37,654,4899,2721,1261,0,226
2020-11-11,77,36,649,4935,2750,1272,0,220
2020-11-12,77,41,654,4976,2777,1284,0,211
2020-11-13,77,31,656,5007,2816,1299,0,210
2020-11-14,77,22,624,5030,2823,1310,1,224
2020-11-15,76,34,626,5064,2831,1328,0,240
2020-11-16,76,36,622,5100,2857,1344,0,239
2020-11-17,76,29,609,5129,2889,1360,0,235
2020-11-18,76,32,594,5161,2915,1373,0,232
2020-11-19,76,39,596,5200,2943,1386,0,231
2020-11-20,76,29,588,5230,2971,1400,1,225
2020-11-21,76,20,573,5250,2977,1413,0,234
2020-11-22,76,25,569,5275,2984,1427,0,236
2020-11-23,76,25,571,5300,3013,1443,0,232
2020-11-24,76,34,564,5335,3042,1457,0,226
2020-11-25,77,41,570,5376,3069,1471,1,219
2020-11-26,76,30,565,5406,3090,1485,0,217
2020-11-27,75,18,549,5424,3121,1493,0,206
2020-11-28,75,21,542,5445,3129,1507,0,215
2020-11-29,75,18,527,5464,3133,1517,0,231
2020-11-30,75,24,523,5490,3158,1529,2,231
2020-12-01,75,30,515,5520,3179,1540,0,230
2020-12-02,75,30,516,5550,3201,1552,0,236
2020-12-03,75,30,504,5580,3218,1559,0,234
2020-12-04,76,33,515,5613,3249,1570,0,221
2020-12-05,76,25,509,5638,3253,1580,0,229
2020-12-06,76,28,513,5666,3259,1591,0,237
2020-12-07,75,21,508,5687,3282,1599,0,236
2020-12-08,75,41,519,5728,3310,1612,0,231
2020-12-09,76,32,511,5760,3338,1623,0,222
2020-12-10,76,33,517,5794,3359,1632,1,228
2020-12-11,76,36,513,5830,3380,1640,0,222
2020-12-12,75,22,510,5852,3388,1647,0,223
2020-12-13,75,42,534,5894,3390,1655,0,234
2020-12-14,75,24,540,5919,3419,1662,1,230
2020-12-15,76,45,554,5965,3439,1669,1,231
2020-12-16,76,36,564,6001,3466,1684,0,213
2020-12-17,76,48,588,6049,3491,1693,0,210
2020-12-18,77,38,595,6088,3515,1700,1,211
2020-12-19,77,43,606,6131,3519,1712,0,230
2020-12-20,77,55,628,6186,3527,1728,0,240
2020-12-21,76,32,625,6218,3558,1740,0,230
2020-12-22,76,43,633,6261,3587,1750,0,221
2020-12-23,77,48,650,6309,3611,1761,0,228
2020-12-24,78,49,656,6358,3645,1774,1,225
2020-12-25,78,36,647,6394,3650,1788,0,234
2020-12-26,78,42,660,6436,3656,1797,0,248
2020-12-27,78,44,675,6480,3662,1811,0,263
2020-12-28,78,68,710,6549,3686,1823,0,268
2020-12-29,78,61,731,6611,3709,1831,0,272
2020-12-30,78,45,741,6658,3738,1843,1,265
2020-12-31,77,39,742,6698,3759,1859,1,278
2021-01-01,77,40,729,6738,3773,1869,0,289
2021-01-02,77,39,733,6777,3781,1883,0,307
2021-01-03,77,44,735,6821,3792,1899,0,324
2021-01-04,77,58,753,6880,3817,1912,1,346
2021-01-05,78,53,748,6933,3857,1933,0,341
2021-01-06,78,46,736,6979,3899,1945,0,324
2021-01-07,78,38,735,7017,3935,1966,0,314
2021-01-08,78,45,733,7062,3975,1988,0,305
2021-01-09,78,32,714,7094,3986,2001,0,316
2021-01-10,77,32,711,7126,3996,2007,0,327
2021-01-11,78,37,723,7164,4030,2025,1,318
2021-01-12,78,46,727,7210,4074,2033,0,297
2021-01-13,77,37,730,7247,4108,2048,0,300
2021-01-14,78,35,714,7282,4144,2057,1,298
2021-01-15,78,35,705,7318,4175,2069,1,298
2021-01-16,77,26,686,7344,4183,2080,0,308
2021-01-17,77,38,694,7382,4190,2085,0,331
2021-01-18,77,42,703,7424,4225,2101,0,320
2021-01-19,77,32,696,7457,4262,2110,1,316
2021-01-20,76,33,689,7491,4294,2122,1,305
2021-01-21,76,41,694,7532,4326,2137,0,302
2021-01-22,76,36,687,7568,4365,2149,0,295
2021-01-23,76,34,676,7602,4379,2158,0,301
2021-01-24,76,27,673,7629,4383,2170,0,319
2021-01-25,76,53,695,7683,4421,2183,1,309
2021-01-26,76,35,689,7718,4451,2199,0,320
2021-01-27,77,28,663,7747,4477,2213,1,319
2021-01-28,76,42,663,7790,4504,2222,1,318
2021-01-29,77,29,659,7819,4532,2239,0,322
2021-01-30,77,30,643,7849,4544,2246,0,322
2021-01-31,77,36,661,7887,4548,2259,2,333
2021-02-01,77,30,665,7918,4582,2271,1,334
2021-02-02,77,28,646,7946,4611,2287,0,334
2021-02-03,77,30,631,7976,4656,2297,0,328
2021-02-04,77,25,605,8001,4695,2306,0,324
2021-02-05,76,18,574,8019,4735,2320,0,316
2021-02-06,76,20,548,8039,4744,2332,0,330
2021-02-07,76,22,535,8061,4749,2340,0,338
2021-02-08,77,32,546,8093,4786,2342,0,321
2021-02-09,77,18,542,8112,4828,2354,1,296
2021-02-10,76,30,544,8142,4863,2364,0,281
2021-02-11,74,30,540,8172,4893,2372,0,280
2021-02-12,74,33,535,8205,4922,2381,0,271
2021-02-13,75,22,529,8227,4931,2388,0,273
2021-02-14,75,27,536,8254,4935,2399,0,281
2021-02-15,75,35,548,8289,4968,2405,0,282
2021-02-16,77,39,544,8328,4999,2412,0,278
2021-02-17,77,36,543,8364,5023,2419,0,285
2021-02-18,77,25,530,8390,5046,2425,1,286
2021-02-19,76,33,533,8423,5081,2433,0,275
2021-02-20,76,39,539,8462,5087,2440,0,283
2021-02-21,76,36,555,8498,5093,2444,0,294
2021-02-22,76,31,564,8529,5118,2454,0,300
2021-02-23,76,27,550,8556,5139,2459,0,308
2021-02-24,76,31,548,8588,5172,2467,1,301
2021-02-25,77,47,559,8635,5195,2475,0,315
2021-02-26,76,28,542,8663,5217,2483,0,324
2021-02-27,76,21,524,8685,5229,2487,0,330
2021-02-28,76,43,545,8728,5233,2493,0,342
2021-03-01,77,52,577,8781,5265,2502,1,346
2021-03-02,77,39,570,8820,5307,2514,0,339
2021-03-03,77,35,558,8855,5338,2520,0,332
2021-03-04,77,42,569,8897,5370,2528,0,332
2021-03-05,77,39,565,8936,5406,2533,0,326
2021-03-06,77,37,573,8973,5419,2543,0,336
2021-03-07,75,36,576,9009,5429,2549,0,337
2021-03-08,76,44,601,9053,5456,2558,0,343
2021-03-09,77,34,591,9087,5492,2562,0,336
2021-03-10,77,44,601,9131,5521,2569,0,339
2021-03-11,77,42,602,9173,5547,2580,0,344
2021-03-12,77,32,591,9205,5580,2593,0,344
2021-03-13,77,38,582,9243,5588,2599,0,363
2021-03-14,77,43,588,9286,5592,2607,0,382
2021-03-15,77,45,605,9331,5631,2615,0,370
2021-03-16,77,46,614,9377,5667,2629,0,377
2021-03-17,77,38,594,9415,5697,2640,0,381
2021-03-18,76,51,600,9466,5730,2650,0,375
2021-03-19,76,49,613,9515,5769,2659,0,359
2021-03-20,77,38,617,9553,5777,2669,0,373
2021-03-21,77,53,638,9606,5780,2674,0,391
2021-03-22,77,43,651,9649,5821,2682,0,387
2021-03-23,77,40,643,9689,5856,2691,0,381
2021-03-24,77,35,642,9726,5892,2697,2,378
2021-03-25,77,47,654,9776,5912,2706,3,391
2021-03-26,76,22,634,9799,5914,2707,1,394
